101
0
89982 89994
89983 89980
89797 89796
89150 89999
89442 85120
89028 89850
89484 85788
86750 88864
89416 89760
89918 89995
89919 89917
89348 89347
87448 88841
88812 81357
87586 76160
88810 89998
89700 89935
88831 87217
89417 51266
89419 89433
87587 89503
87285 87284
86703 89446
86785 87986
88815 82922
83545 89985
87761 75672
87636 87650
89606 89959
89019 78712
89897 89340
89898 82931
86520 88040
89059 89965
89060 89896
89486 84331
73708 87657
89443 89440
84836 86301
87762 76345
89487 87447
88941 89782
89031 89986
89488 89673
89151 89841
89420 88462
89032 84721
88942 89957
89489 89987
89061 86518
89490 66933
89022 88456
88824 61905
89704 89275
88816 64170
86919 83119
88943 89939
89492 89592
88944 89289
83593 89540
89493 89930
85394 89979
89155 86702
88818 88347
79094 87883
88654 86749
87763 85370
88835 88364
89157 89583
86314 89622
89422 68036
88819 87871
89424 84899
88945 89924
88946 85799
89705 89744
88820 89961
89607 88969
88739 79431
88822 89922
89425 89818
85809 89374
89428 84858
88826 88937
89429 88653
87765 89341
89706 89883
87991 89877
89494 88662
84915 82578
88828 89934
88105 19469
83546 89483
87992 4913
86337 88028
88829 89139
89034 89900
87833 57816
87834 89819
89432 81644