750
1
29
770 769
744 740
984 982
793 789
482 481
938
480
465 464
858 857
226 224
487 484
853 619
558 553
563 562
720 717
817 816
664 662
608 607
840 838
449 447
773 765
979 977
52 51
529 528
861 856
341 339
949 947
114 108
532
631 630
893
891 885
185 183
39
879 876
999 996
636 635
939
847 846
673 670
915 912
993 995
417 415
460
963
834 833
841 837
622 620
762 760
726 721
373 372
470 469
824 818
485
643 637
737 735
408 407
304 297
940 937
639
927 920
932 930
919 918
91 88
242 238
835 832
394 392
752 751
660 659
466 461
924
758 753
156 155
926
961 960
24
101 99
527 525
580 579
796 795
958 957
943 941
413 410
197
967 965
888
707
459 458
881 873
989
705 703
894 306
10 8
454 452
814 813
942
182 180
418 414
900
750 749
163 162
443 438
393
572 571
820
110
805 801
535 534
934 929
68 67
288 285
890
905
467
137 134
974 991
774 763
698 697
684 683
585 583
495 494
925
729
898 897
496 492
828 825
502
831
689 686
517 513
592
250 249
476 475
116 115
810 808
181
171 988
696 695
587 586
340
779
661 657
263 262
251
883 882
685 681
419 409
237 236
445 444
956 953
589 582
432 428
711 710
231 227
411
510 503
687
985 981
980 973
439
931
74
371 368
719
964
606
14
797 794
157 153
345 344
27 26
478 474
997
291 290
130 129
731 716
422 405
132
653 651
945 928
617 615
57 55
676 675
244 243
425
53 49
315
714 709
538
215 214
781 759
598 595
904 903
871 868
568 566
590 581
390 388
555
23
569
437 434
167
802
104 102
323
933
357
398 395
420
798 990
800 788
618 612
713
605
523 522
699 674
559
968 952
866 862
490 471
229
257 256
402 401
314
147 146
666 665
264 259
514
225
330 327
946 916
190 188
384 383
386 385
463
564 552
138 133
389
701 700
672
715 668
61 59
246 234
353 350
914
382 376
531
316
44 40
172 169
498 455
235
520
869
359 355
819
680
625 624
524 521
901 892
200 199
501 427
588
646
902 884
79 76
628 609
274
545 544
403 399
972
332
780
782 634
663
32 31
168 151
854
632 603
198 195
289 280
165 161
184
756
429
551
295 273
983
647
565
733
554
266 253
335 331
337 336
252 248
203
123 119
872 806
96 95
855
543 542
638
917
254
821
922
886
804
206 204
82 80
772
338 324
366 365
923
895
152 150
118 911
11
512 511
426 424
875
573 548
223 221
317
321 318
724
889
537 518
732
730
65 64
992
642
599 578
706
899
851
310 307
913
747
679
600 577
35
648
966
131 128
15 12
348
704
281
451
746
160 158
472
727
614
177
271 270
725
908
951
743
18 6
850
276
954
124 117
935
50
94 93
880
201
122
783 633
909 910
219
959
629
896
143 126
906
776
175 173
207 191
508
575
971
621
69 66
738
322 269
292
144 105
277
839
179
778
362
54 47
969
515
878
859
343 218
245
211
739
287
120
33
827
301
741
613
363 97
174
547 375
367
303
784
655
46 37
100
829
36 30
326
85 84
976
822
978
723
640
970
86 601
852
209
785
955
998
764
807
576
2 0
148
786
944
975
877
261
863
907
690
994
194
787
58 72
313
20 71
755
623
848
387
431
718
986
950
400
836
948
962
887
815
734
677
436
202
736
489
768
149
649
771
561
516
272
3
936
809
987
742
536
570
247
258
691
842
843
921
864
870
874
849
641
865
671
329
505
305
830
596
574
777
823
845
722
860
87
278
597
867
775
25
604
121
792
811
81
453
803
462
748
530
757
754
302
34
435
275
656
694
533
745
222
761
483
159
374
712
602
652
650
826
497
232
654
550
360
477
486
688
98
349
844
669
708
540
799
560
217
135
210
541
658
678
255
644
311
682
692
268
610
812
667
500
293
488
766
693
294
106
626
493
423
546
406
549
702
767
265
73
627
593
396
567
109
594
260
154
75
645
212
557
519
412
591
584
526
728
506
342
504
170
430
509
361
539
479
298
220
791
790
446
90
442
83
391
267
468
228
456
77
491
352
448
125
433
42
308
397
616
507
38
213
296
176
41
356
346
379
416
404
377
279
186
300
92
611
421
351
230
440
299
457
450
556
282
189
380
239
364
499
381
369
196
286
107
127
319
334
358
240
233
142
354
378
78
5
370
333
325
473
164
136
320
347
241
216
187
192
193
312
284
328
178
70
441
4
63
141
111
166
45
309
7
205
112
140
208
19
145
283
9
62
17
139
13
28
113
103
89
43
56
48
60
16
22
21