818
1949 20
24096 18968 82966 71256 98832 52845 2883 63589 5658 7767 96757 99572 99686 77607 75188 21318 29512 46254 41367 1416
8696 20
35619 45104 44776 86267 17085 89554 3876 87902 38304 24855 77630 82092 78115 2284 82577 94634 66416 42488 5076 65791
4871 20
920 12492 79041 29616 52743 42134 10014 2030 11543 55914 58146 68337 17652 50357 83073 98377 18945 17164 66996 72701
6550 19
94970 97138 10051 35700 31067 49892 65313 11530 97857 7958 93066 63103 12759 33058 80912 57286 85050 57527 16395
8384 20
29310 76168 27699 71023 90223 79781 84313 24067 67329 15212 84933 67804 45614 54344 4986 37923 69826 34713 81966 89482
5724 19
83428 63547 24578 72830 21401 8025 43701 12844 3319 16663 13122 89956 53478 4331 91251 9003 93722 19536 64761
8728 19
71936 35203 33260 69082 65433 50050 87702 32405 56671 10134 74374 73194 74978 35881 72584 47730 18116 81479 15654
2610 20
1382 65479 61304 49113 77032 48043 39325 89240 66708 4174 7820 74761 25060 53356 52297 30494 11071 10458 48745 71113
4705 17
37941 9691 19051 51664 92431 71928 26982 33664 24661 95102 66365 29112 15961 28939 58350 46654 27498
3428 20
612 47401 28439 69864 36727 51354 44929 88298 49856 97430 49358 71379 56796 53296 25787 94797 87468 63123 39161 61709
8530 20
11503 81373 87719 5892 26138 53582 59089 88957 32631 2304 20859 16064 42760 19448 98024 99723 22968 96213 27044 82458
349 20
83215 64201 17897 92378 49971 45706 10212 55168 56492 71808 20469 87536 18167 97265 93253 39545 59352 73350 99807 34171
4758 20
41803 61417 26076 4552 94218 63986 71749 2686 74497 91216 47525 54287 2051 37923 92408 33654 24709 23928 99010 84347
9772 17
45682 52743 10161 77264 41179 10639 18994 71956 39849 1331 12919 34725 70656 95372 90925 20394 63725
661 20
48941 87312 32402 83190 46618 77606 50977 25973 15297 26557 49350 31489 55860 41272 44823 15973 86001 9112 5110 66405
7358 20
8226 6016 41726 81897 46729 65508 65619 36550 63957 45114 59605 34271 81543 47834 46203 30585 67570 34122 51487 88944
6897 19
56907 95402 83304 28038 71074 14860 10856 3932 87937 54263 6564 43423 14925 48793 75602 16476 73295 54084 37550
8738 17
34438 20614 68221 1081 46844 42857 89237 2052 92795 33701 88550 485 69069 47390 10840 36519 41936
6871 20
40071 599 47629 87851 67662 31515 12282 59306 42836 75548 36149 80127 74615 74736 16615 59246 66013 21581 39044 13601
1045 20
17105 25087 20595 95978 77344 63622 90560 21886 41485 54028 20566 44114 43439 87873 56316 91949 29992 39892 38313 49560
2297 17
32352 98491 19238 67018 61759 74118 54343 20451 72402 48161 5511 6718 42504 70960 26037 34902 44219
7327 17
97546 91198 10089 2444 91892 66385 50738 80916 62968 5377 72011 85856 7209 89861 69788 23059 56397
7491 18
32661 60681 24104 14389 29611 39743 21049 67568 89044 70505 75423 25513 39338 6316 43424 48935 8221 69142
5523 19
74547 82572 20012 37009 89131 33580 80571 36834 40020 48363 44354 65454 67081 31078 64293 17531 95018 31675 18711
8181 19
82963 39996 15098 76450 45999 80560 83126 49564 56979 34337 7259 52171 23141 74272 59532 29408 37489 56597 40430
7709 19
99195 24499 28069 69407 71892 9816 58854 6194 78733 23021 56021 67654 91415 53259 88615 70512 80735 37972 17174
8691 20
48126 46058 1012 33992 55052 80049 35565 87419 18437 15480 78477 20152 50247 78715 55714 29434 85175 15371 11153 59290
8791 19
77912 7524 86695 7772 91907 68515 10195 70762 32205 58323 55805 40812 99958 73654 5851 95022 67079 27407 89708
627 20
74570 6016 49106 41993 94802 39432 20137 76493 13907 46427 61874 92874 60226 60962 18989 17668 47618 75802 52170 38799
7984 19
44930 27980 57104 6981 7690 38861 57279 91557 40900 55615 78896 88120 97991 96995 83098 98660 59248 60574 56008
177 18
56212 95196 74013 35086 79625 32108 68856 58466 24856 38787 859 58838 63728 41033 86060 56541 45612 722
6241 18
40462 36531 42960 25240 54471 21600 74814 40351 66575 48146 12416 61451 13562 66639 98014 31889 86442 88617
5771 19
86501 33122 1209 28069 24242 99914 72219 64988 59863 66534 3612 93974 75809 79899 54432 93188 49265 33987 61655
7281 18
4425 53518 35664 83800 8971 33026 20628 12771 39968 64213 88047 87511 27077 15340 74003 3009 92440 26693
8887 18
19827 12560 89506 96383 42539 41297 74971 45450 67211 80223 73556 63045 69321 26988 19482 50060 87881 6956
5311 19
88308 47594 27 85283 73422 52285 82953 37385 75001 71301 41168 81510 56186 66267 5980 26765 40337 31674 76763
9829 19
56041 83501 86822 88487 64120 77453 20136 75869 3990 47730 21391 97558 32779 67231 1070 11205 47315 51779 70861
5348 19
2519 30289 22038 37958 21795 43951 27669 16521 30371 60666 44592 63951 6144 42335 75228 92159 70428 9820 44219
4074 20
2184 22232 75565 60749 95481 92803 66165 33235 7282 15039 47160 87003 95431 39999 40629 87243 71391 99133 31062 87114
1864 14
30623 34568 78112 35086 80808 46864 18625 94551 54703 96511 52248 22717 43957 33943
6644 20
89990 62465 5281 47332 52990 87633 79918 60249 35676 34217 91504 2164 10816 32722 59710 43182 39066 67532 73905 34688
9447 20
38493 70663 38593 673 76262 410 89681 38320 34612 76725 33653 90735 98621 61857 42871 20351 83518 38150 14339 63821
1349 19
28366 22375 94002 45850 11511 19353 74174 82237 75381 17539 56202 42110 32056 50069 8164 86640 63894 44508 75694
1356 20
83283 52190 15920 73445 49706 77787 89796 40507 56979 61543 74453 1718 98328 70779 66975 63860 57786 7850 74656 13975
1634 15
75776 5282 2981 36241 90605 69902 34392 18305 15323 87092 24468 48779 774 57740 42058
9855 20
60258 74200 83257 45533 55738 34698 84226 89198 14014 94033 64392 21342 79077 31629 2999 56073 18568 51479 24583 69233
5065 19
32542 28614 40458 9950 71471 311 6870 20130 3096 69453 75917 99038 63892 77520 71880 28703 62380 89812 99758
6213 19
63457 77424 10865 13393 29136 94635 72552 46054 82724 63817 51875 9811 64840 29045 32725 95472 58212 40932 82901
8917 14
32911 3456 42526 38007 18745 65614 10177 14901 40941 61097 22365 60134 39083 6604
9294 20
42080 72711 16973 96726 23597 68640 97076 42870 89243 7009 57516 37909 747 37479 48181 54341 59429 87581 33522 57295
4193 12
82470 16068 8596 51587 29869 58278 52011 97482 99564 34675 49397 24403
2359 15
9508 55889 60259 14067 78319 30503 98686 63497 83803 19053 20678 28632 12451 52615 85810
416 17
27052 96196 71411 80870 58698 61397 57140 78548 10280 82929 19674 84065 97542 348 1508 34561 85782
2044 20
29958 39554 69029 71861 27066 89068 25945 63471 64546 92294 79761 7230 69976 59429 90947 34336 2766 73699 63723 84863
7989 15
22925 80808 6800 31099 46874 12877 34694 46347 25304 39418 86559 92114 95793 33147 4181
9985 19
5474 86708 18118 352 81477 35989 4521 95315 81469 46976 43277 39791 57997 13262 94829 27065 44342 31641 71651
2394 19
47576 34607 94214 40639 96142 36757 83514 1998 63799 25967 43263 95029 73569 6758 20575 12871 36193 9796 29201
1478 20
29736 81910 56764 95287 31959 59763 21990 29280 16091 11030 70272 40915 94114 89956 99281 44076 3165 94760 88154 16541
8124 19
24203 92010 91445 60124 17381 43674 16017 73964 63901 96909 47515 64953 77569 20796 74777 9262 42355 69653 93906
3525 19
60690 22992 53202 39839 33222 88124 26248 28338 90138 4701 9648 72796 5122 89782 54655 97816 80204 11729 99793
6338 18
99700 12190 60792 87196 95615 90076 14542 24605 84191 50679 68607 73241 28228 45550 97460 85867 3993 87956
8617 14
27336 12078 70208 80572 65001 89450 56222 27070 53656 58113 96366 24555 73616 62826
751 18
51453 15151 91075 275 29854 5449 33695 18471 15535 59538 92605 74094 70627 59492 94239 41058 65399 15713
6636 15
42641 997 71874 5454 54092 97223 34089 1816 60066 95361 75695 47875 47982 88953 32592
3597 20
40462 30212 95110 43268 15572 44464 11413 10118 37962 76133 90138 43181 26650 84345 90342 82493 12667 73670 55285 59146
7819 20
47416 71839 45905 88097 42215 89224 58796 8183 21414 86747 20549 60221 53006 39170 32704 86604 1367 37514 85469 58040
9128 18
26264 20291 77778 14032 6199 22056 76510 50738 59735 41170 48531 56152 90595 43449 6763 88368 76763 66290
6979 19
89839 41474 32591 40294 57859 71799 71246 93347 41412 21211 30325 25493 15498 8991 43631 3425 18600 22906 76206
1737 18
11483 75184 75599 7055 24216 38352 41108 1912 35667 75169 18610 63090 10209 39513 96574 74518 28258 7610
1161 11
41509 24904 17614 57095 31630 50715 45754 83258 35684 47289 6615
5172 20
51447 57499 4624 78612 70466 52269 6742 17102 52564 57587 40985 22553 863 71104 45727 8430 24432 67828 5955 32583
5263 17
73291 34601 15260 64389 38744 35600 83457 36344 21385 805 41725 37405 63602 32725 78398 27573 90365
7791 18
23942 27113 54133 35109 83007 41427 75810 87331 49959 81321 87958 48237 26638 84014 32187 91641 81874 93181
3953 18
5704 78057 66720 51407 54495 88667 95826 11603 32155 95955 64015 64680 38261 15550 80813 28280 19290 8169
8005 19
66483 43568 69565 63014 54867 7518 80374 38757 58998 22715 2171 98798 11769 59779 50403 63729 75201 44049 71358
4138 19
7028 92204 45568 17444 74424 68663 55497 97831 57207 16048 41421 45495 34073 96595 37046 67693 59332 57000 6958
9647 19
6639 93830 20992 36874 77077 22523 36307 29392 69201 25354 15121 35547 14951 3723 46419 25514 24037 95318 47109
1283 18
78912 89194 18163 45905 65797 29280 99157 21454 30634 38825 18667 43971 61184 34956 96458 87663 50561 9751
7201 19
75421 1870 46664 97303 33173 98275 95419 7886 71207 2668 71365 81726 17893 5891 54759 23777 22662 76802 38846
7841 19
53855 51679 13603 47100 18316 24318 59880 91832 29602 29245 38953 73346 48987 34294 17413 32406 72893 40280 92195
9255 14
80757 17705 54473 12490 14871 40739 1875 29485 19731 33025 69499 87929 10121 82545
2737 19
1780 35484 13839 78710 64827 77444 89450 43703 40330 46156 3905 80130 33748 31512 9560 3325 25708 87118 78758
2595 20
68600 24051 74434 65394 6211 14294 53077 47277 7402 43589 89403 20237 37988 99774 85163 21527 32210 58789 56102 4574
6588 20
60125 88210 19537 75995 48982 50826 49067 50809 7618 42352 66794 98341 1988 82960 38766 2159 75758 47631 37636 36766
4717 19
56201 65413 2654 29078 36568 51880 3319 86264 68665 67252 43891 61195 61563 81351 28190 26828 49956 12998 79767
7075 18
26973 99835 92121 86304 80133 37195 2387 66289 27107 91201 71055 29624 88983 17920 52111 92755 69741 753
7104 18
6640 86511 88759 92978 52594 14464 11303 87687 54403 2984 50761 80549 31313 13281 61556 72320 71194 26014
3679 17
43919 30290 53944 77953 73279 33897 32628 49586 15648 91484 54193 20209 39446 8895 23169 73820 64846
6976 20
81336 89056 92586 97336 11231 2163 56081 92699 97119 69510 89120 74902 32712 66507 34239 26150 60936 80822 64849 33516
1348 17
19371 53262 13098 39422 90465 58518 6111 27379 41574 65834 10838 56091 90943 73329 9142 55706 81953
5339 19
74857 8649 63380 97317 93773 61805 72427 57668 56296 82022 11166 58639 40789 57166 68007 42866 21895 58878 12125
6977 17
66128 32183 70449 71114 50143 34286 75975 32393 26326 17293 1942 99975 97203 16614 48057 70124 99006
7833 20
48921 80729 81100 15040 75439 28263 13413 27970 13335 6455 25955 76171 17284 55296 951 77924 65603 82706 28929 96292
53 11
19871 45897 2478 60488 1061 70968 67042 56156 61098 42293 27198
2830 20
73779 43765 27169 2816 85802 50999 24754 93477 11521 52506 81508 66058 69904 17347 2023 22923 62515 74125 3571 65030
29 18
93750 80532 77682 66311 68449 12708 33042 69361 80009 55674 33336 68691 77350 99675 97733 50056 23600 69534
2882 12
16292 6626 34082 78934 24478 48828 34255 54090 7897 83698 130 65860
2943 20
89074 42824 10040 34734 14627 36728 35038 19155 56395 38998 44522 11954 4916 61497 68429 56722 68857 48077 8051 90985
3854 19
2245 69562 45850 55034 6534 36681 23466 80787 84046 23882 76913 94929 20817 92790 32246 28893 28622 27739 34562
4592 16
22756 11984 50130 2737 67041 94241 7033 56565 66520 32609 62166 73461 71248 22769 99838 128
5023 19
71227 57179 42712 75447 32205 66078 8667 54788 85676 13803 72850 31201 82184 73933 50887 5825 90649 87136 44869
5020 12
72364 56306 61717 28296 24078 84053 23908 97385 71679 34753 70976 11335
6185 19
43886 64503 10957 26521 88182 94908 13777 85140 80553 39140 75533 1550 81670 50605 47875 53631 4259 92901 49168
9053 17
40703 71014 5886 1638 87880 16455 62941 99762 85879 60614 5280 47051 76721 89802 21702 55265 22199
18 14
52395 75224 35169 98878 80302 64396 52255 56601 55842 73308 69057 29586 74997 74125
7511 14
16503 31358 7833 33910 61640 75046 76480 59683 60278 56141 8434 86698 71537 77109
8226 18
55921 97687 63151 39877 1389 80110 32452 91670 94548 39729 67199 23282 89734 64000 62583 32778 42020 1636
4277 17
1840 87780 43436 34590 5683 50526 21120 59812 76239 41002 93834 43504 46843 76576 99806 88908 15890
9092 14
27133 70866 56179 39395 52279 14736 59636 33002 43902 83350 4727 61446 50047 14305
9027 15
30917 80014 57018 65839 672 33279 66363 7339 7881 32154 87363 96865 58873 65327 16771
7078 18
6535 33797 18627 83541 64421 29359 2187 26141 51012 73397 74044 43578 94088 37913 13571 61642 64525 65959
2590 20
59603 58315 54953 97615 34053 43951 83513 70859 78111 45635 37688 29997 5742 48875 24522 45069 66541 90452 42927 81087
9847 20
40102 53569 49572 25360 83320 76930 96190 11764 81346 98774 83562 67470 90236 51583 34886 42249 31148 86436 37905 85170
1760 10
5901 39132 49620 14830 22422 40929 58487 82880 46805 28953
6253 19
51545 43682 10342 66108 98355 77863 34810 71436 81202 51490 43797 83025 25956 9713 56995 98882 51496 1822 96307
1133 20
89093 48670 67618 35861 41188 21741 20708 87020 41625 20269 4635 80544 50898 23940 6023 84375 23045 24559 22869 28103
5853 17
45690 74745 69503 15189 86337 95766 35992 74376 46472 40237 98161 7334 52055 26098 78738 71022 51319
7839 19
53652 80364 56161 24635 33866 99122 60653 74508 26812 94038 16484 25222 33645 66130 4628 13704 25682 99997 67734
5134 15
91032 93992 97031 41345 78271 77120 73307 68890 41570 6727 98153 79664 97582 10421 62796
220 19
80199 58268 37332 69313 53737 15813 42679 16920 19587 51537 813 17440 92984 90127 48577 79410 27476 33342 18369
6441 16
69323 78139 30909 89384 5683 2647 32392 48752 68267 9868 88836 85948 74361 34475 25434 72742
2754 18
98693 4700 71756 52108 65435 63882 64367 86571 64840 60594 64036 51675 69218 81834 65303 35310 70011 47424
2541 18
23352 96147 57554 79040 25662 73929 12444 32094 41831 12038 54239 98796 43459 29965 19302 59039 14967 5197
61 16
26401 83635 10448 17897 30734 22628 26630 270 91850 91434 4280 78493 81777 99911 74641 38128
8839 19
73517 93992 13780 11548 81713 62467 17418 61444 25692 80409 4964 15830 66404 30601 79479 48420 24954 25978 76776
1023 15
9084 51587 94739 10828 85591 97098 27354 97587 89160 61112 83452 55186 99039 43370 30515
7731 18
74564 70586 71930 54980 31608 22107 6507 32855 36559 30295 4279 72130 52336 19993 53230 3217 89097 63158
2652 17
63502 48851 9734 65446 65701 65834 15734 46407 67212 89908 63606 81516 91425 44178 31093 76209 22805
4951 20
60464 83976 54317 96872 60946 68640 17168 17051 47056 80866 4648 94786 99435 84586 28703 9077 81802 97325 58531 79988
2252 20
94128 20491 17897 48674 68416 43402 5275 98399 61904 98116 45813 45591 37181 66032 14864 12246 28909 54837 75086 6297
3938 12
83826 75092 43547 68684 20791 92820 70893 38662 16110 59885 37595 12180
5804 17
94485 99751 90819 91571 51893 4467 68128 41712 8105 22763 48473 62136 8102 62289 5917 30618 34521
1201 20
78818 16196 58677 48464 28933 91106 33588 99331 63192 4850 34078 8851 93111 8585 6471 84256 26759 66837 33482 99899
1653 18
37098 38343 94606 23427 57035 29400 96842 94978 91818 93600 28095 28629 53375 28621 32573 13447 98634 85842
417 20
1989 6910 94957 53611 54617 35858 275 15324 96586 66048 10368 24763 99685 93582 60189 47041 23860 42052 67351 95889
5635 19
71504 43377 86870 58156 54205 94606 61221 25642 60210 72732 32143 57236 21248 13394 85062 37473 76916 50090 23086
6342 19
92024 40639 83420 56610 14438 78035 17891 21926 72245 32670 7859 54197 66637 69395 9810 92418 82294 55491 15146
4924 18
92541 59614 93078 48782 56151 13354 87012 66749 44645 21951 44115 66609 99110 59889 33792 71417 66797 6532
165 19
70232 77458 56855 28355 37089 6338 82111 76135 81958 78600 57068 71402 78531 77356 91426 51720 33518 88798 29967
8050 17
68239 93694 18693 42059 37194 39647 50751 70363 63540 12728 813 24179 36105 88971 63265 3975 78373
8931 20
44975 73422 46470 5681 56908 78860 95780 19568 30542 85129 9389 68618 14462 48430 99045 14270 73278 51296 64479 79669
8758 17
13373 66675 45583 57507 17985 77120 18403 74958 51760 95727 5445 88026 60299 49244 24925 68057 36492
5687 18
57895 80350 56915 24711 77519 93903 11163 16767 99532 26971 12006 1309 71188 40386 20019 82885 17174 64527
7308 16
10896 21713 75913 48460 67249 11678 56598 78871 24598 24479 38808 97823 29482 31752 54440 40867
3764 20
51167 83190 60792 85103 69583 56429 71135 95518 6181 86064 75741 60695 26712 89748 84960 69806 33508 6290 76664 4642
4535 18
77091 28322 69520 66425 25667 36600 7516 58582 4879 96236 81877 60973 23752 57008 17603 59703 30949 28816
9316 16
5807 70147 99852 47309 82906 37623 47249 75727 83085 33100 43322 78016 42636 19434 85069 23358
8390 20
70232 32568 42303 48266 60519 49743 87760 1030 90866 56049 52167 83316 17788 27709 65036 18962 9561 93150 90497 44742
8149 10
16863 79950 87508 71560 59349 39297 11281 46288 42728 88199
5851 20
8445 79965 3982 23556 21720 87530 56563 30381 12513 17291 95728 45502 85653 3163 21555 35601 99002 21719 50129 16980
6416 19
92349 45119 10158 52550 57172 15413 5425 10699 20964 99308 16620 31915 66830 95684 56390 81253 47968 90005 74318
5707 18
77110 55450 94206 85162 73003 64178 76052 46879 82908 45800 24447 88993 29307 1421 52522 69918 49598 10591
5551 20
2017 82686 16393 42531 49872 40140 25876 2528 46752 53504 96884 2612 12935 42489 29773 99068 69726 35382 61909 30948
2664 19
52093 54995 84514 69525 70202 65434 57718 47150 73448 47589 80596 57976 96111 31295 73485 91693 60287 30059 39531
6134 20
88845 8314 20223 59575 28511 15130 15983 16441 83989 14464 46847 72197 54442 58272 21341 84770 53746 3 93362 17304
6079 17
81771 36151 15659 16853 80276 77000 76709 22024 12844 26665 61223 97034 72673 49 49798 51612 10997
1420 19
76512 27803 26410 18028 72371 28783 88102 74425 89894 20791 11526 24206 24401 46426 80524 39276 82035 1597 84686
7438 20
92491 76815 43162 1137 35463 42865 51686 50938 85581 86426 68645 50115 74677 82920 29776 7093 59314 89848 39760 60101
5604 20
88745 9206 98615 83808 9978 26363 26512 42354 3229 21085 83291 89538 19539 63689 63423 74267 60539 98019 95456 75707
5219 16
22188 22397 30980 48243 90846 11650 65749 94762 15058 27426 2318 89641 50308 4727 86054 68110
5555 16
43114 41617 26780 15588 5128 48511 40617 72557 77368 44824 52666 43089 53231 21604 3773 88406
6025 18
15234 6027 51664 69963 10318 83520 30227 22909 95640 59016 55115 73040 7756 60996 79770 57798 32999 22120
1432 16
44014 43667 71266 696 74840 39239 92158 63003 84417 35888 4996 39998 26297 87873 67751 1554
6446 20
26401 15900 97353 66792 68545 68205 46530 53448 69144 69387 36923 35735 27618 83774 98393 35871 99013 78839 10142 58291
2006 13
94498 96323 16873 36998 3964 20664 88446 79411 27157 42790 96719 75657 42447
6468 20
33024 70998 45359 52653 12308 38772 39842 6743 5418 29476 93445 60710 84678 2730 85490 43956 3664 15038 81275 68680
8505 19
51950 91543 75626 82264 70781 63958 99498 40259 80284 10869 86182 35399 62215 4848 44883 68405 68816 53693 64527
6464 18
78557 73781 58880 71231 73743 49221 42483 37271 70117 7568 84763 66338 51166 88610 42093 7421 19163 8972
9610 16
26024 15889 72458 10310 80133 73708 51124 99410 59639 7226 82028 46899 81281 94445 8256 61799
820 19
17999 52153 81969 83119 30251 60338 20672 8452 54419 97361 27479 88971 82097 26664 9376 44633 86250 44370 66360
111 14
70445 1692 38153 55457 20320 15253 61427 1559 40466 79430 45472 8792 78382 97759
5390 20
1629 26973 91957 41659 46059 96555 76674 98409 37734 9937 80485 5053 65140 61675 83944 32506 75021 41223 6763 41258
6063 20
54575 67622 67848 78200 9552 95598 41516 96428 79788 1266 85987 48962 51504 36058 66962 28199 5828 91877 9218 50947
2939 19
15294 83578 71221 60020 34818 48044 49061 44832 86735 92297 94255 58811 21792 20079 38351 45175 11719 82135 43139
9097 17
9902 9544 68480 96626 79677 98423 66826 95707 3683 30544 69480 94747 3785 16676 70185 19818 85560
5091 17
12683 88734 69124 8330 79615 89906 31388 10382 44496 25414 38037 57384 28866 21570 39856 28304 65945
6235 20
54675 98310 2510 89751 51514 33564 21213 14188 78483 27975 20599 23126 10813 67868 16201 74048 89434 85956 44347 43368
7038 17
61179 99644 64379 87874 80352 22970 95361 34793 74706 3068 11272 45102 70019 1508 43484 16268 19777
4112 17
572 27645 65305 35584 7423 49884 67144 30218 88453 95395 72854 20577 8516 8967 68058 46917 13957
3277 18
23432 19826 67204 68496 60395 39549 39314 30216 39191 18635 96648 94314 4816 32672 13431 18984 15674 29145
2380 12
11146 42369 37395 29106 12664 65802 90457 11550 83028 6118 96137 75099
1448 14
89811 53233 91418 45379 95566 14370 97191 46160 88725 92889 88507 45990 61385 52876
8093 18
89863 53286 70998 34533 84931 1934 15847 3141 17236 5675 11320 97945 22993 46747 93112 39976 35669 18541
555 17
28172 79265 57518 37310 22635 29340 29929 67932 35007 11256 81758 83947 13054 26049 52206 52560 47424
180 20
22770 56086 52970 71005 98128 862 79716 3243 20863 72660 75870 84541 97815 53633 57753 65750 31588 87213 35394 54866
2651 17
87520 40436 7277 69343 6709 84919 33345 15485 51735 90615 34930 303 66504 87639 35995 98402 89695
7582 20
37525 88057 33158 82778 1809 91952 74381 20934 48702 16226 47879 71537 84906 57028 62470 21340 29878 47593 69696 77684
5857 16
6504 40680 22716 72811 85184 94779 99699 7444 67607 86694 44471 65193 25390 58643 76320 32808
2144 12
7776 62673 39234 65933 40437 18220 2623 37470 36485 59023 83373 8888
2110 14
24868 61289 1347 39568 34012 21009 59501 33033 89707 86964 76856 26358 51188 91268
1985 20
21711 53075 17474 61947 55034 21684 79703 44967 75766 36762 12654 85728 46771 50199 52897 15175 71188 21898 72046 77460
7293 15
12574 14667 70986 49312 39981 51647 3704 36429 49885 78972 14763 57054 73884 13465 44087
5360 19
33065 91915 18325 82605 56937 43051 56856 54788 69020 20246 20416 31018 55642 66546 76585 22487 73095 1845 59857
2548 19
32726 86711 57484 28728 32195 13294 33891 47803 86674 55805 45656 74100 75343 94111 84796 4499 79523 27691 52917
2339 18
95783 84827 69216 65811 86162 55998 93801 48621 82212 88562 13989 73062 5851 98479 16402 31604 63521 676
7786 18
17896 28405 35502 53760 15505 38905 39415 79747 49193 95619 54098 25158 1248 58615 76788 98713 41312 30416
8283 17
21288 75797 34666 69572 52552 81890 94482 96375 29584 93762 84177 91275 77395 778 93624 75951 13885
6960 15
6247 71899 54459 19748 38352 10844 72698 99689 50433 14405 67911 82588 69862 36781 61486
6215 18
17113 4949 29973 23386 11421 16553 94148 52762 4744 24129 2140 14576 56408 67089 94517 45216 49415 96662
650 14
88226 4701 26135 68353 59551 78483 50898 68345 60100 18275 44740 61008 33694 78383
1476 17
47921 36162 67602 57158 72019 80283 96318 81097 86219 75901 67690 71712 97603 1961 97715 19419 62389
6115 19
63877 83165 74708 46716 63246 1292 68866 8724 77082 28690 31377 25374 87223 30659 20120 15175 37543 61183 7852
3454 19
61351 98346 52330 32422 4898 19304 7321 79703 31384 65309 65984 65362 84783 19732 34871 9148 65778 55062 68136
9751 19
30671 83119 97787 77396 94983 88494 86798 40731 68269 36902 6374 78043 81153 15698 12414 92385 68977 67431 16176
4386 20
55589 76411 81146 63486 27770 25605 55159 51559 8144 74910 53983 20278 58984 1441 41768 41057 51286 70149 2757 50686
7407 17
71967 84012 19051 99915 65910 88573 17054 56070 58136 75113 18397 5091 72956 90246 64217 46170 41471
4473 20
42415 4317 53865 73746 26005 6122 81713 50259 71325 49167 23389 95684 43064 18569 91984 51623 80782 50710 62394 77021
1557 17
3194 79620 23157 2858 11168 5566 64895 5543 85028 49134 8127 13668 60485 657 24504 69284 23294
806 13
68168 71891 61355 43442 81762 91541 93536 43249 77280 59283 25022 2074 82846
9692 17
991 12574 90107 94674 59362 89000 4046 53196 17138 49181 6893 38246 70740 10196 45235 44492 95232
4457 15
89928 29127 89588 48851 90672 72070 43625 29944 10762 39188 52833 87383 13166 72866 74825
414 20
58203 57632 134 4391 35170 30257 13209 3857 11876 12491 43849 47195 82540 55000 67594 72431 98692 78367 75477 61099
4589 18
15019 60847 25544 63137 69690 96842 7474 16290 96657 57543 85547 13094 68905 21652 37167 42443 35659 65364
2783 18
38236 52842 14714 42792 23568 63986 86454 85089 50528 71281 93047 56288 95945 59093 441 76368 17055 7560
2415 15
17257 74055 95638 94287 27490 83554 4557 80257 17962 42484 53402 36089 45738 86608 46548
1401 20
21662 36831 18325 32087 99567 40839 88283 25313 59882 89744 35776 650 63603 33765 10209 4430 85309 63672 77727 41249
6152 14
28053 5991 71306 14160 6747 94538 6315 3713 75597 71362 23049 16806 24180 33034
2346 11
90784 3616 22001 38852 62638 23022 5214 75265 33916 90132 2355
1307 18
46815 23465 40496 72959 33850 60016 52535 1529 77218 75297 48817 37105 24787 54991 76167 82495 30185 86902
2631 20
28844 95646 53154 27196 41551 48846 91910 65968 46628 98470 51443 72913 92325 86463 49839 39248 63405 11334 72613 30747
8449 14
14558 20646 45138 28274 80146 39740 8130 1067 63841 79160 6551 88496 150 18333
4713 20
7840 20958 42024 16018 72070 4500 47016 6256 15110 97498 15233 2430 70362 79089 18798 86903 344 55232 20393 76521
2919 18
66105 2194 92778 54171 36953 45296 26334 37464 81202 22402 832 36354 22673 86866 41339 35907 43217 43173
5654 18
58774 55252 49319 47669 3479 26060 89846 13720 26456 83268 59164 42559 80070 87670 3565 10907 8560 94010
8490 14
12447 70466 48919 72199 50163 75442 52199 82276 6067 6575 74268 5462 1738 11887
733 19
74547 79180 92724 39705 55817 92955 86454 49094 67770 13284 65928 10133 76251 80266 83833 95415 66261 27665 5837
8591 18
31632 10379 50910 84079 55863 31112 79328 4367 30074 78446 94483 64419 92938 60267 60237 2595 49613 58214
2097 17
71974 13950 4479 36914 56512 59220 12344 99396 58614 95184 70408 55915 30639 19472 72902 35119 84576
4275 20
46631 60857 63686 80892 86342 47970 99148 21220 70417 71821 2809 4338 32042 39744 95189 86091 80800 93416 98905 92110
5912 16
58401 15943 77245 7871 88435 63121 99381 14229 56772 17694 36075 35156 13665 55233 96622 4145
5345 19
860 89116 97852 15602 94530 98257 32964 24450 62392 72349 11138 17624 31374 36536 95436 90912 13629 30131 56301
1668 19
80410 44718 9362 36335 24030 55783 58743 88494 67446 45921 46296 40392 71723 97548 21420 77215 17657 54122 77181
6715 18
35878 70288 49510 96008 9544 69349 94724 95314 3598 68116 34769 21077 98111 26822 67956 75926 92033 1147
7512 20
26310 13473 74 35094 60390 32530 8122 90572 88722 64121 25400 64757 45226 2705 76456 50060 76140 50160 93792 63912
906 12
60103 28069 51287 44052 11604 24241 36627 87150 2770 75208 73612 46263
1331 17
69820 69818 38127 59676 12924 25333 72124 53581 3541 86946 72349 81015 31281 36055 41770 59974 82656
3050 15
7507 17096 20053 89911 80440 31709 57053 55851 41617 50044 77035 63291 69020 14042 20139
7218 20
75619 53763 17868 42873 41014 91340 51664 46565 67526 32922 9385 10604 19101 45458 68180 21624 7404 49821 58235 88476
2137 20
70379 37854 56949 23621 64790 14704 4572 44632 36726 75376 26245 46404 93795 56775 24477 75016 88626 23019 70737 16397
5272 17
37152 6228 26000 54677 14946 18631 83652 52185 49264 37339 38740 37519 79790 44610 8396 50995 82744
4395 20
66605 93942 77725 91034 9978 90725 91851 84928 93784 48010 82899 80554 14023 68609 78663 12772 94303 69050 97933 19596
7995 17
76518 7514 78404 25285 77993 19974 95027 30852 72285 28990 47295 5768 64041 55364 74621 38128 96627
8279 11
63029 73237 11213 96414 98543 32039 43322 79437 63624 82502 24737
1743 20
65475 29366 24269 20821 94296 50750 23621 23004 11480 12591 89597 50948 87627 76602 9692 68503 34912 12481 80002 24247
7259 16
28997 72463 70983 5724 14752 76191 32807 65832 25195 44513 28395 76989 40686 14943 40291 28376
5532 16
77124 9624 58431 75618 36759 45150 76154 64219 20449 84803 81458 4594 70554 56444 8841 99553
4813 20
53605 80961 33887 79227 94508 92336 33141 80938 1619 4381 44893 81110 48889 56513 40613 80023 46409 61968 4925 70504
4637 19
63609 28299 26142 46712 95262 16353 59528 50684 78679 72198 48895 36055 96659 67409 54237 89342 58115 89102 20123
9218 11
71906 23172 41448 8590 70639 27311 24201 68963 35538 89612 50339
2269 20
13151 68373 36013 77141 83406 54550 7341 37632 27432 25367 24443 96431 16400 77337 54049 48995 21349 79711 60244 96225
198 13
36870 79943 3333 11316 19029 46140 9872 42091 40934 37953 86139 64023 38878
2235 19
18597 56327 81026 65586 75038 95174 47269 39343 91372 60651 71171 90978 91502 94805 19971 4980 34107 31664 24426
8677 19
59762 61954 69066 98603 36527 63444 84362 95939 27075 87787 86212 5765 75934 11813 57476 65537 70719 55736 54100
9291 20
61965 53569 90997 18754 49163 67203 31620 98661 55315 21108 85620 77294 70367 28135 26874 18872 43178 28222 6043 66701
5971 19
29132 22135 38344 22971 30555 74513 36326 83747 37400 48281 66882 70249 29902 46878 26586 59170 89985 17058 33269
5202 18
18250 60356 31782 86155 19273 21096 65496 84690 58369 62898 97824 34541 24818 87187 84619 58381 70761 15311
3837 17
77213 22974 98230 52789 9470 81538 27601 62685 1730 64520 91342 77605 89564 48163 64117 76390 25504
8409 17
82810 70955 19868 16772 56398 36205 10599 64630 30021 69191 38887 98392 38604 65606 59291 86197 66290
5006 20
54408 54828 50106 68314 43268 21514 30427 91079 53649 6050 25614 12938 18289 57867 64415 76702 46101 95257 35815 39830
9836 20
15151 78858 64956 79991 86374 32683 72558 92220 84746 85288 54368 65991 46523 10156 37094 34747 49563 32046 63244 93608
6236 20
95663 46152 89336 72514 26472 74537 37495 85494 49075 43916 71100 88550 89773 67257 89011 6736 31748 23755 21997 97316
6698 20
52944 76220 93865 48694 89391 78589 29418 14519 16542 70031 61763 48976 48503 90165 20552 78901 78305 78708 49808 57357
8095 18
6228 22232 90214 90909 59218 56953 66163 55875 17722 4572 28981 47435 93111 13218 16669 80424 92161 73611
3991 19
13418 76039 74394 60091 84748 965 19820 53412 20429 90156 47613 18276 14943 89303 14661 49440 63001 46311 59533
9060 19
17460 91847 85768 78524 75184 15588 58438 32288 49125 82115 73534 30539 2832 39421 51498 28418 47744 3631 21954
9733 16
39173 58005 38374 90923 48043 55543 58337 16989 55530 14939 77857 25678 52738 73503 46377 4715
5789 17
54566 87405 50132 13429 62416 347 78124 30447 69491 15119 16737 31614 89758 61402 34964 5401 97026
5873 20
51111 42960 71845 52916 49162 80581 64148 25664 54746 72106 10884 31494 34432 30683 68214 76811 97334 11228 45383 26816
4556 18
32157 40510 57800 36222 87866 37414 43049 15115 45034 972 64985 74165 54089 33926 76785 91644 64604 56560
2901 19
21422 6452 19814 20707 25691 55482 32616 94766 67673 12040 88634 58807 13741 34002 32970 85111 16397 71126 55760
9200 18
95783 40998 49335 23736 5786 75076 72874 94798 26733 90870 81025 86219 59635 15517 8628 13319 23611 21877
4439 18
6785 40174 54368 72389 91600 10386 75771 75100 20796 39744 13903 11204 24579 65954 42593 99588 30114 9881
7843 20
20265 17796 13585 31208 40070 5667 9698 99266 45791 15016 3970 75591 40884 44404 31352 74467 42817 77573 38684 9526
1453 20
17714 25123 54983 15385 56190 28208 24651 38811 66733 39332 49749 74243 1339 59341 61255 12015 70749 68226 51412 22832
6779 18
96152 42236 97360 81514 80698 32041 23458 26920 17379 64219 28854 55496 41851 47812 2282 47364 64426 24773
7838 17
41456 59223 32256 4101 76370 11511 81182 23853 67961 44332 34832 10875 44970 80912 34154 3645 23441
4252 19
73224 19213 86957 72729 62340 26067 73659 92372 73169 87121 48475 58654 6511 28200 41155 56397 69466 51077 34069
7285 13
40018 63576 89313 26738 11089 73564 5389 74374 69891 83724 81492 65547 24772
752 17
30917 12133 28446 16350 55619 93744 18064 61302 70551 31700 72792 39254 94303 81483 26416 43031 91548
9239 18
78515 97260 73807 24764 6754 95095 65093 12123 35547 75646 55016 34855 86429 6812 93009 52478 56230 25718
9775 18
77110 63160 77427 96993 79094 63112 74620 61448 40064 94834 91818 58834 4152 7553 65172 75873 51106 10071
72 19
78903 86298 89314 46450 48253 91093 11162 4881 4102 54942 91784 59615 12452 17698 60433 38635 16099 63639 52737
2819 16
53398 37738 73219 94870 3543 84131 84230 49564 70051 75810 11173 30728 37410 66875 43177 43189
7197 19
33752 79354 40527 45087 9789 70548 60373 57881 37221 35493 57825 50884 22905 29183 47711 32052 85002 23852 17486
2942 15
98932 81564 73004 90045 69898 19722 39100 23015 82493 25245 86813 6497 62440 54930 5417
3868 16
88866 35657 15235 78867 15483 8246 20585 93556 71860 77797 48204 36551 14853 79373 45565 38492
6924 20
71058 52515 321 21608 74778 914 26289 11872 72342 79063 63846 85194 99091 17326 72444 35243 79444 74130 28224 437
8366 17
92987 85671 42380 28568 10967 83581 90808 83744 42059 48329 53228 6347 69000 38146 65423 87384 57116
8008 18
71377 50829 23597 61943 33914 37017 35381 18070 78600 3839 93520 38386 86370 765 69382 47538 78634 69813
5589 14
28172 30920 93461 16716 18607 63705 41680 8447 59911 7436 68026 59009 32515 99825
8902 19
33301 22675 45112 94621 37332 22065 32830 18407 60157 38268 42818 24014 40132 39516 45574 96807 63862 31122 51948
438 19
66969 35391 83889 99274 35054 32649 42082 15813 80223 11330 66175 69232 60434 89610 38629 79345 26861 63712 27092
7956 16
23650 83790 34990 86621 25103 2365 19498 11082 59305 43098 99270 76310 39793 8361 89710 91358
88 20
92257 9925 71517 64710 83567 2478 26920 13921 16584 30039 87879 95943 28074 15842 42841 8235 85299 83687 16004 96717
6953 16
4460 44169 71259 13413 40597 2391 45821 54548 6931 67642 46259 29728 66523 84887 52169 46501
5064 17
58186 1436 904 23729 76181 45071 36767 31266 55912 84578 92927 43448 51920 14305 57941 56560 65751
9795 20
82816 40005 63213 20885 76529 6194 21612 27957 51869 21198 17117 43506 66744 91990 41804 76716 34002 47305 20434 65418
2115 20
57393 56546 631 52372 56731 70698 30329 99970 67550 40196 44940 50089 82299 3811 72783 62652 36470 54155 99988 28285
2798 19
62930 13972 5547 90997 55073 74714 25320 24639 58337 28463 39151 96876 7485 46101 79291 3363 51701 2298 36023
1899 17
23284 60303 1716 62989 58204 38591 27669 57857 20237 18414 54589 9339 3380 32672 93748 42150 25893
122 10
89613 22078 98090 37843 47800 78834 12344 70053 13385 55902
5761 20
90886 19707 82127 82537 22202 10195 17367 13204 70757 59747 7101 77951 58793 51586 90546 9465 83633 49440 58848 84117
6370 20
33734 88380 46583 427 32239 37690 34253 18097 91160 32566 94898 93870 93433 3501 84683 48312 43840 60385 40362 25601
205 18
48013 59987 38482 66489 17610 89409 35266 36301 67607 64997 5036 28752 22789 15899 54398 81965 8895 85922
561 17
96955 95256 53763 74585 62468 97761 8806 97800 8987 99897 85188 81332 72772 51002 51720 25871 58923
2047 19
31450 16869 65400 85450 16253 81296 28650 75276 7932 37522 5708 956 80520 75223 44463 19298 94556 29083 10296
2017 17
20243 5622 94563 97604 74179 75426 76967 3036 29367 17264 23740 62087 67785 57327 59125 8443 14595
5030 20
36814 35724 8186 66633 1763 82133 53718 90423 10444 57136 30735 36144 52071 42899 99897 98456 19728 44278 63887 43874
9487 20
24335 64606 42850 62805 32525 32426 98040 76083 26750 6038 75819 54543 30970 32950 2958 75389 35812 72923 9282 52169
667 15
6535 49708 28636 42870 65505 84084 1529 37390 6330 92353 76211 6328 4430 42355 85898
3459 20
33307 1678 87515 77920 8575 57400 24874 22522 17120 25755 87562 75515 71217 55157 65964 10876 12206 53358 28136 97886
6754 12
48874 16462 73946 69574 57188 6136 64971 54195 47046 9716 60674 38055
5426 16
72585 5925 19950 48107 28081 75702 89167 80817 72459 51907 8856 68419 55517 80783 45328 94840
6202 14
35878 47571 3489 73534 70036 69527 37978 87037 92835 18657 81666 32439 26051 88430
7124 17
50099 54052 84187 80820 33815 95164 78852 15534 84791 15911 72194 63152 43774 47497 66112 76659 11559
2995 18
21413 74081 1247 34544 52146 43436 9318 19261 18246 57138 63121 30202 52134 19577 30414 5441 84242 5274
9686 18
12234 58585 1739 19857 67539 67202 98885 18898 4984 65300 92969 3052 66874 89718 91702 29417 65441 82545
6997 16
89931 98688 78792 5905 19589 40161 29304 15745 17992 87668 28159 789 87233 72751 15852 66150
3313 19
15087 29810 39101 21240 78315 27001 16056 55400 69247 61534 27145 76838 97791 29372 86764 13500 54001 15393 12670
3483 19
90279 42098 11010 87119 51336 82304 72828 94901 909 87024 94004 37523 30642 18848 91934 88637 38455 69536 1098
9596 18
68283 28257 92897 46877 36022 70628 62020 82845 350 83745 36722 52255 74803 24317 6407 58817 51612 83441
4631 19
80045 80217 49982 43970 9577 98260 49649 66446 52408 56132 15196 40434 85608 80023 74390 6866 489 12505 63708
1973 18
28670 94800 27527 50348 37676 81346 89391 96683 14394 94537 65802 28074 24433 91268 68673 65534 5102 55929
4241 19
65406 22983 57750 63342 28901 11817 80956 62174 87208 32512 39604 94093 64581 69432 23074 72229 5812 16678 66206
6760 18
58782 39307 18940 55649 84077 77028 92406 62767 98616 10514 85057 950 1126 76560 44692 65570 55458 52244
706 17
20841 2800 33992 13147 15331 28375 2442 10091 9322 90300 1804 68665 20981 96598 10130 21956 27067
993 19
37640 5913 15551 93522 98506 73163 73605 65658 98571 82869 96099 1939 76936 61584 62743 3923 2896 81791 83276
399 12
5704 5660 36203 59660 55849 58319 86560 72616 44405 92949 16700 83483
6885 16
19537 27088 17732 85859 63259 5015 92336 6488 51407 82690 55405 57256 37539 6480 66579 69466
1397 19
17529 14265 45733 65433 50055 83582 56640 1422 62582 13136 29597 11232 73566 80506 18788 92248 95221 66665 36689
3340 18
89643 82696 96673 54815 23964 77225 8177 76201 37866 7453 31484 66710 34884 64382 45755 46621 33191 1489
2868 17
97267 93229 13782 28241 26426 62894 50956 14901 82584 77889 13959 58064 64559 74618 68021 16062 97707
2079 20
81842 82091 18985 87837 87813 3333 10174 9323 47464 49627 13037 60294 65350 96654 24382 58472 72866 87657 49369 22275
4355 19
55999 62148 73320 57430 45052 87950 1478 7753 56024 50139 81916 51294 98644 28851 13807 62132 26051 47254 60822
3742 19
22010 98741 34927 57230 19787 93305 38617 40542 24138 39609 38515 12235 70768 90056 27890 10046 45008 53473 43408
6418 19
14997 77682 22844 79744 82879 91998 96150 57577 75744 3708 39035 4176 71901 55251 7124 81382 99717 36770 55802
5849 19
1608 97553 99523 2889 49834 44926 19152 79817 15196 89578 13806 75944 11766 80951 45652 45671 15950 45274 80858
3726 14
25619 60925 84645 55052 4363 64035 32226 36631 28561 19778 28990 85115 64529 98339
6772 13
95671 19919 86445 24112 75938 62509 23500 45113 88834 90050 95512 46842 68161
5117 17
81352 84432 8709 18535 3822 6466 4056 94198 57577 24745 99375 96074 47619 12315 23603 99343 46548
8582 14
95124 26310 31680 60342 49047 36499 73331 83989 41460 90971 78272 56004 91550 36362
7042 19
60582 42074 72464 37687 49221 64879 38712 77640 24343 10231 94727 18110 79123 87349 18938 1911 92896 27467 69648
1606 19
70957 22806 70198 14572 16695 443 89988 87052 82204 70712 74681 81083 60313 73298 5223 92791 93400 81745 95307
479 13
65438 31568 15780 13011 90023 95650 70053 77731 9176 95716 4191 98692 15992
1154 20
76263 89411 4517 21593 94666 38244 68390 82830 33886 87964 22384 93107 44725 33249 28816 45281 78403 13341 36558 10939
6017 19
47062 81823 80407 27909 76518 24947 46107 23138 908 13927 76080 90235 97607 96869 90217 99079 44017 36596 99549
9582 20
80930 79771 91380 49047 71517 84645 18295 65333 72460 62732 76051 38096 57117 15781 75325 82593 26027 72058 68781 25539
8521 20
64176 83416 49863 86004 86374 5922 3523 9525 52981 14317 66555 55003 92700 98065 53094 45102 75115 6293 94592 72412
4284 18
20698 72299 37144 79590 23103 39219 74488 33387 94524 79501 99442 4492 84059 55489 91306 76024 95026 40266
3134 20
34939 78031 35068 85767 57795 66699 51206 85527 76660 34373 24736 76719 79014 48041 56152 55714 49408 67351 57609 96407
2998 19
3616 16572 31009 41318 13822 95424 71448 88364 26160 31381 12141 94677 54540 1070 42006 59790 14986 26729 87616
4977 18
63297 11224 11548 49185 28301 24860 50638 67647 37896 25892 76211 65947 16293 90518 29970 67010 28157 36862
2928 17
97630 84448 67282 16309 16159 18109 12157 57257 31414 15036 82132 50115 47749 63149 77931 83392 63521
3720 17
70147 39381 46806 19264 60814 32015 63846 94835 35343 11291 84943 31747 47043 85826 48745 73304 41114
1561 18
30326 71237 38789 92091 25619 18027 58267 92126 9880 16710 37006 87458 53032 16984 90433 5669 37612 27889
1065 19
77947 91882 87160 78289 73016 93966 56400 54970 9015 76483 33295 36080 88148 59899 39346 28543 50281 9836 95946
1584 17
80641 55911 51502 39082 13976 20516 67789 75917 21771 11055 35610 87744 92745 95584 91937 41634 30631
7937 20
32944 58431 48614 7517 78805 4329 81827 13847 48712 50105 34861 92731 97092 79984 74379 3015 12807 3518 12068 62239
7010 13
3374 50049 76342 73618 32844 36326 84419 76992 6527 88013 33506 7866 9494
1963 20
36219 41579 22925 47421 21730 53039 77314 41118 27447 85379 41602 65636 60410 41207 70641 6107 95370 61203 33341 36653
6783 13
79679 38845 16383 95095 33737 57165 2324 44717 67583 48392 51427 16770 82698
5171 20
16578 35832 10543 49129 52278 83485 98516 58294 59834 71222 53013 31258 22050 72825 72316 8111 32968 57161 30835 80163
458 17
48823 30142 15900 31129 56783 97306 52949 43977 28797 80536 16259 11323 50016 28423 128 45076 62355
2426 16
62386 46011 29891 79815 47956 20121 83455 80268 32695 26876 57164 41980 15831 51424 36818 6297
4460 17
76084 82131 56836 43208 51201 95798 36327 54694 35789 42973 12804 69675 21702 98425 25169 8319 96436
2732 14
98643 96872 34513 60437 17453 48868 58308 55683 61549 12612 45352 30026 16158 32601
7072 19
23190 95736 17708 39286 3659 96718 60880 95521 23931 52746 26289 80706 73842 28666 14344 90714 96889 97556 72820
832 19
86392 98497 29746 26078 76482 42719 89198 3870 4567 54441 4118 53142 17213 12923 1489 44419 85275 75680 29059
124 20
24621 61355 24050 73992 27245 14060 85089 95809 42217 1761 15639 22781 19998 50535 14797 90452 15396 72008 98554 59965
1551 19
57630 56068 37223 9404 57225 8504 4790 2684 97317 68416 88606 44066 60973 97265 34746 12481 51535 41567 21609
6609 19
80532 62769 26726 22173 78614 73426 64281 69910 20546 84281 76612 40813 15824 8037 44884 34525 91760 17782 6635
8795 18
47816 36151 89427 30617 31898 51607 7588 75616 72714 7515 35653 81608 33606 24629 34827 20115 11887 19282
2075 19
24782 49072 84055 68423 92693 1448 18433 18122 39879 70852 86288 50393 41424 87118 99139 69430 39111 4859 38228
1618 20
30016 59773 98289 41190 34808 30245 87687 19733 97250 2216 37148 89628 52505 39408 59552 81907 27330 43601 36 16210
673 19
73053 37068 58881 17215 46508 72520 50079 96349 29444 44256 93437 59134 42583 92933 97092 20178 4694 74144 65306
3406 20
39556 22649 28551 86708 67680 2525 55139 82917 53507 3749 37390 86556 77535 82683 84299 66604 2838 36740 33196 91345
984 18
5364 20155 38364 55512 64584 3149 10131 98443 62866 3243 78657 26821 43392 43599 29093 73305 67207 99627
3301 20
25109 89106 1990 31788 96993 19561 8738 16442 40547 4023 4947 38908 19556 92476 2972 87044 71697 17449 35755 70229
4626 16
40041 93171 5871 59185 72668 43299 47208 61425 5799 55430 41373 31619 76669 47575 12639 27547
5337 19
35646 73977 34927 64465 76649 89116 672 64741 78638 44852 25542 89207 91595 62762 39789 85424 21581 83241 24497
3737 16
43158 47737 85327 59688 21489 49181 88312 12565 21407 70424 43515 34756 68991 84845 12217 59149
3034 20
44302 45572 70245 1035 25349 47277 50059 69266 18416 28057 88522 91869 31629 64024 67044 64825 65198 41881 86482 97841
7737 17
32276 83212 41993 14995 95552 91654 90138 76706 46327 17918 77702 12538 99172 73796 62385 42927 13038
6189 20
84448 29089 80523 60912 16253 99320 27544 57806 27676 72577 28025 73003 77413 55154 75602 74773 38508 35114 35704 55709
2497 15
65230 17597 10644 81091 80191 90565 30941 41298 89009 2357 95546 66535 33888 86828 11387
9221 19
76388 57012 19985 67088 26344 74554 24514 70487 25306 52725 29873 90500 83297 88825 86722 93774 8245 88738 84026
7424 19
80275 96478 99679 21074 79582 15121 32507 99761 32975 35913 93336 68365 40705 37115 56597 66877 58581 31399 87547
6633 20
3560 97717 48990 66888 63971 78792 28747 27148 23120 50672 7343 13722 4861 71810 24522 12603 38820 91131 46796 69673
4255 20
81866 86820 56287 86341 72649 86205 43634 64636 77860 30433 96564 4701 67242 99761 82795 26711 80831 49819 63616 36939
2250 15
38008 10297 87671 68845 14779 46943 19243 87037 52198 54812 3417 3737 95542 84817 70257
242 17
20744 36153 189 19002 23468 395 70018 45438 89742 43269 48235 10942 17280 86949 78106 10820 98978
5437 19
58359 29133 84137 62156 75118 39244 78972 63416 94845 40517 90727 10326 36537 70941 99313 46209 49865 37541 19419
6821 20
34765 13254 40424 1631 64475 6120 40734 65710 47392 99232 53296 74059 38721 85849 36401 82842 95339 30421 2614 93884
2708 20
82422 64931 43114 96552 14008 57484 14779 96343 58419 73774 34517 28024 74184 39506 42940 56282 83932 37677 75651 46311
8628 15
92518 10086 58598 90841 31738 19720 47784 78777 44180 72673 70325 25297 63623 15373 34688
1241 19
29536 35438 7283 31753 25953 30381 22364 6017 67054 32832 86125 58465 64170 38480 99029 90313 34500 47856 33262
1721 18
96680 1328 66601 97360 92021 12941 12706 26762 75648 9681 13436 1271 45900 29998 6368 979 46182 49144
7630 15
2334 70287 37838 23548 58172 82939 86198 64382 60555 92006 1471 79061 20506 47513 7311
9564 17
78145 39193 32607 38194 65091 4400 3879 47827 70424 56167 77329 94564 87438 92259 89514 36491 69604
1137 15
94733 49198 52467 23843 73122 32799 15617 53183 49964 181 41013 38498 89486 75813 86110
462 16
11995 88288 65678 36094 36722 92412 96865 12322 82077 31505 72407 29109 84319 76817 73681 45164
599 19
65840 77874 84613 56373 86730 12746 11155 89722 2772 70241 78333 95277 91700 23800 20019 25834 77534 87674 87928
3025 16
89152 795 16177 78860 23992 75910 39219 10714 13068 78581 12837 25569 2813 33754 62511 14804
1316 18
2024 8399 54062 76036 40854 47191 91966 42573 31724 11195 53426 67807 9602 16101 27652 88579 39821 16199
2276 15
16594 88880 49600 40974 53887 39529 60061 28198 83080 75298 80809 50057 59168 43859 22235
4380 17
20565 20263 82752 43103 66833 52213 38621 93492 44273 11324 61185 42963 18963 5229 46072 45042 21474
9367 15
49908 90301 10106 32324 43507 82428 36361 49525 23025 31744 69960 94991 55924 65640 19891
7666 19
57985 21917 59732 69744 10829 83744 71368 43543 72848 62577 23158 64442 4587 74893 67198 35764 12676 6528 7657
8046 20
19009 1801 53710 47686 67877 80588 70965 59572 93679 13731 35624 53756 23451 70753 48638 89532 9462 52846 51652 16932
2567 15
36475 71812 96810 20741 47761 8448 15997 18612 17752 63381 48742 72348 30691 72801 96368
7050 20
53270 34199 13613 40683 37230 11958 63853 85014 79055 21397 54619 37315 66657 45019 57452 39815 41269 35575 6540 84806
8912 19
36219 9206 5735 53735 31202 11771 61440 51355 23631 24608 57032 74752 48048 37555 69852 33840 67082 76800 51469
4891 19
4167 95816 81515 68083 38593 45691 28857 4718 55497 23737 35489 99788 74078 23732 28267 42432 49811 28246 4689
8834 20
27790 33122 26969 32461 94166 47838 28952 15140 20112 94079 24810 57592 17043 29971 73288 27208 66250 80124 69488 47536
5269 19
27223 38405 26048 5257 7929 39365 86823 9236 50139 24854 55893 61193 66959 41417 32970 34903 79595 84148 63780
7164 20
16300 88532 51927 46932 93598 11034 22616 51026 11250 1665 26683 11969 92743 59655 89788 4667 15824 1126 32675 43695
1679 15
51344 28976 19995 68538 25432 90049 91367 6282 57066 96725 77193 44342 89694 72933 20174
3876 17
61517 83254 30773 48541 39365 82329 39322 60734 96222 80512 61376 74294 41615 32338 68830 8714 35264
7344 17
77416 66432 90169 12714 8712 77088 22816 26817 10626 61206 3380 91488 48724 46076 36586 81481 65945
6112 19
21317 87586 57834 95722 96465 1051 40142 54018 78666 6901 47382 13248 31668 61716 27539 86659 95625 93072 71160
4381 20
21975 38669 40460 75947 18215 3505 1852 49126 46161 24950 38524 81256 47841 58217 4894 89736 1734 31979 50195 54841
8648 18
33752 82906 10856 80463 5890 5663 61228 70053 31855 85459 81295 22446 92903 41666 55376 40446 25704 15391
4630 20
91356 7100 57171 43959 69243 368 84719 84525 66660 28823 79817 94786 7177 82768 29479 48216 47610 72945 54033 67946
2468 20
67246 15132 59586 22455 50910 55111 48757 6745 76499 71515 58641 58943 82367 92160 64188 4270 97638 75860 44075 84408
3318 13
76786 43084 69979 1598 61006 58059 15194 32281 94732 86023 45513 22250 80271
7243 17
30369 27950 76394 57434 83823 91025 50394 11852 60513 77263 24818 43122 36003 42008 92712 41457 50324
868 19
24532 71352 20414 52243 47902 44131 17941 98580 50525 50252 89428 42156 55200 38056 4267 19436 48775 26508 4022
4278 16
99700 72711 1017 60842 89993 71948 25418 25988 86558 71572 67135 84134 4872 20348 54399 95136
8587 19
67325 4685 62910 76951 56007 61696 64378 35465 37892 89433 96446 44756 2274 32612 61852 79082 47251 75555 39498
2126 19
91307 15433 24695 2994 83515 39045 37437 39158 5152 33272 46775 80042 18221 79908 75921 92653 6266 16653 14772
6793 16
5382 74394 79152 6450 33019 42097 67385 11329 35889 19311 77295 93306 57183 28348 17817 31062
8139 20
20698 57494 67726 30109 54522 68501 56432 99605 75548 98805 12427 8074 69867 93749 87734 10964 4255 15831 35907 56008
5569 13
64850 34230 84254 59384 3796 62797 42224 9565 17805 83966 1429 54440 49204
7287 18
31985 75752 35972 9724 70999 91452 56179 31373 51665 12943 47716 53773 35538 67875 18785 73935 41289 84244
293 16
89089 32085 1378 30919 15322 88008 35161 19233 74344 52805 98159 66807 21757 87656 46410 23028
1966 17
96754 69105 79121 32503 89946 22877 83505 51362 78308 57809 14222 83275 18759 44201 8523 42289 60672
350 12
63551 16689 4757 28363 2565 10810 43238 77936 8204 39345 55647 34408
1226 14
77342 44775 86281 44968 233 62617 22973 94276 96907 8998 64032 95939 46361 75758
4059 10
95569 62569 88056 12229 19054 3166 23918 50230 86716 36425
4246 18
79660 9858 23821 75618 21451 8708 4405 84822 32000 66005 44035 53527 42037 38259 59780 67222 81796 64689
8285 13
57228 15191 77979 45320 34260 72167 80043 3807 13554 21592 93030 96181 51240
5811 18
85320 74557 27102 6893 35642 45346 50897 25826 17872 73954 99537 13126 74209 1668 30850 72936 97719 72787
7294 17
9222 87816 64804 14773 92094 74403 83381 24763 83796 14520 10973 23108 1412 79261 12787 55349 21556
3245 13
16918 34803 16529 13640 17762 59501 25424 44312 92454 53768 23154 38197 12848
2892 19
51425 30672 26190 51820 85247 50451 37513 56667 55996 15090 20135 74543 20815 53745 9474 4658 72634 10531 69949
9732 19
34279 70399 68587 25547 45457 46395 59657 91031 14832 27469 30621 23745 16150 21619 5122 97489 97694 23923 50564
973 15
91042 56535 18062 83999 67173 94639 50798 61097 92793 46139 6862 60779 92156 34780 64268
6313 12
93797 31659 43265 78987 82829 28797 67578 11942 40845 71033 55835 87162
5966 16
49097 54755 19845 83074 13419 31161 68638 84774 24337 44632 37855 87237 52220 27856 71086 32717
4893 12
28005 30989 75560 30105 93129 56984 77511 45773 96674 37160 4774 29853
4430 20
44228 62452 81339 52219 68883 36836 55012 37464 1557 14462 92534 11400 12679 37523 3216 58755 80658 73238 80369 93730
9927 12
15046 62049 62499 74206 79480 25242 30544 6861 6495 87095 75180 79254
4271 20
16292 43577 24347 20987 26395 61454 18754 12340 34348 68113 48279 11583 44465 54256 86717 29450 71604 49633 28379 1111
5917 20
95004 27465 26981 22198 49539 40222 10382 65539 61491 67427 62847 44745 61071 43678 84627 80670 78933 27251 75324 8769
2611 19
20379 72537 29310 97483 2013 85641 57813 30014 35787 52184 29626 42207 20784 75980 71017 46689 55573 2252 70329
5397 17
53613 46379 25888 53554 78555 3816 98963 53189 54150 71639 27789 5699 77282 94475 90129 15078 73351
5471 16
65498 60059 92558 62953 69600 90653 54303 31354 85226 33430 64136 70949 24670 67905 14515 44193
1229 14
79616 90096 42863 89893 69387 11794 11142 52749 50904 8896 76472 60936 79141 63469
8982 16
59681 66278 22153 5325 61247 20310 47826 76643 64244 86490 87726 39197 79323 80064 89082 60915
2162 18
93034 31645 49668 54504 17961 42376 81610 63614 31401 84861 54449 34879 81932 66269 35593 33165 44531 54155
7021 16
8126 69638 66024 19902 71524 34954 71094 39880 15673 84776 65056 14586 93967 58903 78444 86633
9100 16
40503 79050 41747 67500 72373 1905 11852 59863 53450 58793 26345 14179 24333 48829 6610 28665
7179 18
58721 36250 2258 68807 46987 41750 35544 38619 22200 37668 45570 53577 47013 95940 22705 64217 59713 41291
9963 19
54749 66242 13534 51392 11101 74257 13159 43895 55717 32448 23537 34741 1914 27003 99824 3471 35723 9928 47722
9553 20
86467 60561 22616 44997 10375 33033 42722 21529 87340 15090 73449 95899 66104 22578 84565 78814 64309 81772 45017 323
3124 14
99244 31431 99456 1683 57835 79809 42065 11593 4303 89360 88888 45851 24803 7441
5607 17
87884 13976 52916 40859 1577 47916 93808 59715 1237 35592 99744 66512 1411 49891 2953 25977 86135
3038 20
54995 77961 87132 35781 39108 74535 69583 39175 6670 78023 15187 77621 54771 6021 85081 42724 15116 83715 87299 88556
7339 20
77692 95078 53848 47960 18156 43162 2107 32093 28568 37395 32405 56101 29228 27500 5671 29480 72783 78398 50903 99861
7726 18
27 79952 84050 61424 9587 88213 29087 63936 82992 43404 51359 91734 52019 65491 44524 44950 26720 85737
7644 18
43396 26476 71355 59212 89347 97054 43063 69898 62560 11830 14944 22370 79845 7510 86800 37473 51970 14114
3186 18
15050 60091 64921 68807 31037 33520 37262 25812 12675 11697 5550 12170 15814 96963 9898 63734 4252 13938
3169 20
81404 68833 21488 88523 47381 91815 27517 50325 39686 21040 45464 14258 55535 32833 61712 27591 28600 83548 51699 97013
2608 19
17701 94767 70583 49034 37863 80164 11918 79658 63594 86940 54742 36745 34119 56123 36770 99212 54180 46504 54120
684 18
76599 59709 47959 96289 89530 3569 18534 62168 77143 76404 29962 7471 6642 90353 78566 17968 75396 63941
1071 20
32627 95206 63642 6887 6476 40591 24067 16958 95131 95444 51129 54740 72878 71649 69803 58381 18563 37300 93264 15724
587 12
95174 14665 73207 55872 43069 53810 56129 5159 79343 80208 89899 9451
9701 20
65966 27268 25174 1525 1052 8094 31395 15781 2818 68342 91110 62016 51074 83698 72243 31118 8182 15834 82937 86794
9508 18
24235 75059 85016 85823 14879 67267 98168 34392 11493 97151 76912 40741 5450 97289 7592 92230 12510 78213
9948 13
4624 24599 90758 23869 74943 15301 10231 7578 78907 83858 60007 44866 55894
5450 20
57511 82616 22566 52840 68959 59419 57238 38670 53752 14522 71235 63132 72058 23928 65428 77409 56603 15446 29993 53725
9275 19
10678 65439 54384 5993 84400 46024 73807 20719 44588 52454 74937 24056 81883 34618 55292 96050 68647 27217 96342
6193 20
39912 48885 9104 81647 14845 5896 3566 8650 90838 99532 35872 46958 60882 30943 86553 6591 91125 36402 75383 80380
4855 20
21275 49002 1671 85241 54726 96302 96900 61253 51015 44135 42704 60112 68090 48909 46226 50795 27092 61824 74976 66955
5608 20
55890 27604 80523 47547 80381 83487 77152 95222 91541 5011 66487 77270 88551 25460 31736 81161 19034 72801 31023 77010
8363 20
86460 75160 19297 8218 22066 24495 10067 58215 52197 4338 95698 79757 90492 77027 21268 21457 17958 421 13267 12905
7645 15
54916 5565 16202 10327 80297 74489 11713 51951 98631 91775 7549 33181 49720 38206 28757
7088 20
94375 8412 27637 75544 27839 21222 24928 67545 57061 8631 29514 10166 42899 58188 85703 4075 97301 45307 42986 23859
401 20
76985 17057 5896 76566 56920 13170 58449 2236 54414 4749 45239 13769 26745 61483 75380 48257 37875 88244 86633 20960
3626 18
48568 12872 88247 93048 35013 43673 83171 93140 18769 64512 71046 51156 97070 36207 60051 71871 44095 47103
296 18
13112 53679 13780 20885 34006 34131 9523 80421 62489 18247 68972 44461 32470 7083 95246 70315 5286 18353
6805 19
8175 5852 63182 87313 12103 12320 4740 21120 83178 49444 72651 83935 6252 7080 96088 51279 85071 20240 59020
783 19
41389 49971 593 99401 80409 50900 32306 89896 63943 68715 92020 99706 2958 18165 14838 67862 55062 85759 42106
969 15
16352 11375 3560 94144 29407 6800 51351 77890 36205 64681 38137 24281 90538 7644 4938
6915 11
65488 39955 36036 74797 94434 5398 42644 29988 85197 71522 85422
1967 15
43927 40905 58156 8369 33135 86026 92869 11981 43534 5236 44470 26335 73638 40595 82135
3552 16
43720 31819 89918 68779 4127 85967 42 12167 69434 15879 53591 77022 64890 46670 39157 58989
5287 20
25182 28737 85930 45300 80276 27536 3206 10141 84768 69034 3028 70320 7137 74984 74627 8987 25386 61540 6389 78017
8572 19
12537 5616 23157 22464 61981 91093 96767 69201 93536 11908 88489 82427 99978 29877 64529 54514 35534 53430 83108
498 15
75135 77897 72849 38688 11241 90223 85390 4651 55274 80075 74383 14276 84687 95302 64733
3707 17
94335 59239 77984 32128 26731 766 36584 73730 10101 816 15299 22587 20909 69122 13629 38976 57803
1037 18
91667 36246 59078 46511 43317 11076 89697 59650 90410 38137 17608 67113 97148 90382 23309 61415 86998 83452
4660 16
39466 49130 75421 50666 72867 62952 34629 82664 6364 10404 18015 49197 68486 26081 53046 8268
5530 20
59366 28038 81846 95967 1436 94165 8809 70492 6221 3036 51062 71384 15173 59019 78721 36305 76723 81028 19170 38569
1537 20
83836 48693 12074 77438 74527 97801 42729 91907 10681 61374 87307 33275 37321 69114 17099 72268 54007 2729 6451 86409
4393 18
41944 37998 77553 71227 23274 45930 83247 45703 7129 95520 61800 34591 90953 56902 96102 1359 92230 28106
3220 18
8620 19603 27113 94160 90438 54555 8025 20613 82464 64952 24106 47995 37185 54061 80587 57394 54112 50392
3719 16
98025 81004 47367 34807 37449 80832 26483 7953 41713 74216 89283 90708 38987 23489 97039 94938
3993 15
47019 56292 58199 92861 21837 89549 63237 57768 4313 22861 80554 60365 50285 90129 43520
4828 20
19797 80928 94398 54907 45350 91043 18825 91838 24457 30359 66981 28147 51609 80393 32776 41459 24202 44288 11114 21408
8910 19
61520 97575 43138 94724 92261 32055 87320 56663 4878 42750 55435 83365 35807 26215 22611 81603 19559 19798 13132
2013 19
92691 53835 31217 65444 23008 25257 71968 64823 44499 51428 79480 16225 51244 95549 58155 22440 9792 64668 41015
3593 16
28053 47659 34994 54417 63957 67321 86790 43069 4356 93767 97806 43298 25849 98014 63730 56321
854 20
41186 99670 68050 46127 41059 92231 24645 70000 20317 22817 81781 40915 38894 59807 59064 78498 30572 5310 95779 59377
1661 20
24511 85544 148 52131 38934 31834 63329 54200 78657 11558 39745 99581 61243 51298 24792 88907 35534 41620 75322 86486
9101 19
6785 64819 86821 19066 58552 77147 37049 50232 82354 48757 81259 29575 21606 68857 10730 75021 45693 53852 72384
136 20
59229 89139 44802 13761 40032 91654 56992 80739 30890 62274 59705 77442 58009 96918 71630 26421 98607 43787 13762 82340
3156 17
60921 70022 41816 44433 17659 48445 93278 41314 20300 18056 82727 50115 5883 69169 68184 43827 94725
3215 20
97697 28626 87224 87041 76153 17979 23408 85996 45484 94834 56506 16565 29694 9127 56551 51720 19258 48973 12289 85233
9951 20
30746 79279 99083 23612 51430 44718 29724 93979 49895 98805 30497 64155 77165 50703 15113 59129 75166 50730 6896 83863
2469 10
60170 1645 27590 87765 57522 9735 97430 44522 67973 87022
2119 16
95209 45675 12283 84550 27592 88212 23288 47154 40627 39745 4940 76818 93238 34485 10162 59456
1812 20
90159 89310 81393 52135 40192 89741 97811 38890 66766 85113 78702 53322 87752 86931 87679 65584 26813 54479 78892 52496
4646 20
64540 30050 57217 74853 8376 87555 78733 47445 36223 73883 20136 61007 99991 61592 21572 89107 37218 89958 94651 52237
1364 20
46785 61473 9703 53457 22118 67215 6637 5480 50191 16602 35016 83629 13278 36175 7442 78179 43337 18075 95115 31631
1549 11
52239 47431 78457 39536 92602 36648 5245 52007 61854 98461 25013
4775 19
39341 78072 85930 63833 80663 3796 51815 30257 56806 27594 44376 18438 82844 76773 46064 22934 24571 75465 40231
4433 20
64294 46541 94976 51203 51197 53097 68362 10802 54230 12864 84020 27731 43036 23365 63561 29276 19352 38711 66206 66372
5730 16
24823 17026 97370 15805 99539 7350 37474 63395 21283 34036 97162 5509 67271 69449 91283 51948
4364 15
21995 61301 70129 34699 24242 83347 15208 94136 36672 34216 95358 7404 30905 33386 48440
5950 17
25452 42850 30523 85222 91878 8827 1357 79797 13810 2055 78148 64882 84196 3008 39675 14756 63389
7914 14
57089 74671 81934 97637 1456 96940 44292 66882 49133 46977 74167 16138 59744 21151
500 18
57125 91652 66310 83347 58655 98148 78037 25274 65414 62468 99206 71608 23993 53816 94222 22226 22260 98225
5565 19
4315 56005 51182 79310 77462 5639 91866 72878 48934 68023 95217 14332 3209 64592 29798 66873 70688 39586 70730
3092 19
27169 56358 18211 77378 41758 28130 30594 53688 43220 52121 52667 31908 30153 97590 45266 68998 61478 76547 85027
3334 19
70502 52459 66019 8390 3390 74193 78535 78792 25209 1165 72123 87949 95596 9662 86180 28291 67012 49268 18424
930 20
15374 77709 50122 98123 69882 32075 60154 30940 68671 24536 24066 64593 64149 69252 62830 8878 55988 31670 68975 76659
7120 13
92811 52987 81466 78578 55580 49243 86758 84236 98211 19466 32987 58277 46518
3605 20
8975 83102 13642 45987 61346 66554 94252 90870 23769 87257 68443 72147 31578 25793 65603 27779 4942 83853 98521 42192
6900 15
70957 61143 95188 26881 90465 40778 31425 33507 30226 17678 49873 65779 9796 56122 84837
9017 14
91709 14022 5712 19329 60058 91892 26768 60619 43329 91072 80430 42812 65630 95557
9392 16
41583 92031 60152 16853 14097 93839 50804 17618 15826 4218 94867 61886 35946 95834 38506 12125
5568 14
11989 65855 66563 40116 15721 70548 22644 72568 11333 86322 83113 17432 45053 67294
7729 18
24647 28235 31058 43920 4197 6685 15638 80885 25440 16001 86053 5343 54159 31033 72099 89627 15641 74182
381 16
83622 64923 41769 26995 75098 86835 13349 8747 17315 7 2754 40665 97925 23543 3837 78218
6913 18
77077 83790 14559 46107 90774 16714 87433 33046 64705 53882 15183 36458 28372 46861 47134 39853 7138 5856
5878 19
24235 69799 76678 98054 26382 66952 54676 31596 99054 40835 77185 59590 74694 44649 560 37761 84287 3227 9243
3622 20
17987 75569 4741 17060 24612 1945 95080 22725 73330 90636 57909 84960 44900 89331 42567 76681 66237 80674 11707 12239
5561 18
78902 86943 89336 22333 83556 56036 45745 16694 95691 22956 46088 19769 60024 62957 63862 77839 88233 66602
8328 18
86907 92596 3549 46690 17414 8882 9753 74458 76330 45149 70422 22131 63526 42852 86436 45518 28629 1788
3678 17
10529 79816 7032 74726 76329 59509 21110 78677 62688 47403 61464 29646 85429 82683 89351 63738 53732
2991 20
36568 38343 80187 71546 18985 82300 90602 69656 35481 465 85266 16259 37044 60312 11897 37961 44075 3424 5604 11800
54 16
67037 84312 25896 13920 66803 72890 42403 52778 1443 50638 97254 81349 16396 49211 24468 30585
972 20
43377 67802 47495 17859 27474 16153 41005 15185 22442 90445 2389 60423 23737 42783 67061 2497 71103 55508 54586 35199
9182 19
58359 90879 44973 30453 93808 70878 31401 74689 85098 70696 37440 53019 95891 83200 90723 69375 22630 52385 58196
7175 12
66907 75263 28784 39305 23413 28230 17709 96386 68888 4082 14897 55577
6836 20
43972 7098 43887 2475 46021 73748 76334 9803 34777 35649 16538 60963 11927 8810 13539 44567 63685 47880 20434 39964
3307 19
60928 23112 62701 61555 95164 3028 29291 80457 25869 44376 40813 53292 74641 43229 91693 19159 24629 68951 24765
2440 12
36019 32503 17250 95621 29022 52280 48961 273 51054 38466 44569 95859
9285 16
65242 5962 31541 78262 41747 31449 22749 31286 57207 97926 95510 29181 47155 5194 91577 8888
1959 20
33065 66986 79779 37814 92586 15504 37462 8816 30360 6488 65440 30904 26841 80465 40740 78377 22070 58849 2558 26926
6957 15
41944 72670 69907 32686 23121 89883 94880 8280 35443 29776 97950 4446 93239 16211 51669
703 17
86055 73064 49338 23091 66951 89033 56745 36614 70286 79756 49317 45427 10282 39014 97238 73048 75982
9992 17
65697 18310 63811 12834 19245 84675 24118 50037 21906 60898 65970 2448 94642 54487 28487 97315 11896
5956 18
61150 73217 1566 33959 51647 57377 66314 65480 81811 92215 83263 93419 7784 62969 34372 23111 18497 89882
2493 20
33551 79579 4729 43399 39918 33432 63953 32355 74389 48818 42085 15829 40108 95617 35806 8519 57871 76814 83473 58246
8679 18
59905 24578 22541 53446 4751 72105 11756 72708 31354 8456 80923 84389 95335 9977 32609 91990 69152 80286
7533 19
22825 20309 49380 50358 12511 37097 32632 52756 46742 54296 52024 95154 70435 43745 69426 43403 61163 87845 45926
3852 16
77060 38591 83839 58777 48069 187 72242 77869 53683 15380 60599 78232 40172 30191 74830 9965
9423 13
36085 22882 45286 49658 90895 87100 54992 5340 29518 73513 36838 23440 12736
7702 20
44431 44954 69145 29319 42188 22798 10293 23592 68778 77442 95141 8305 84473 89217 57316 45200 81986 9761 5790 129
1670 20
93037 3093 23129 68278 68239 9793 63980 38845 51718 56610 2236 1764 16775 74694 7834 68138 71716 3253 76288 4625
9277 19
1677 75269 26618 1404 17950 82049 76296 52765 24431 8730 95698 61344 85535 32901 69537 16941 98478 71851 4990
9095 14
75822 3621 72812 18313 37934 86290 12473 93109 49484 14246 17192 86613 92928 20395
4975 19
15294 46795 82202 31058 50453 59131 4055 34111 44093 67501 17712 31660 9209 32445 95820 8832 480 77534 27153
9767 17
72338 84385 95529 20734 51380 18458 87893 27427 64491 20073 49839 25318 87193 67431 49889 63897 65146
7922 19
71172 98150 50517 28021 44733 97664 40713 55821 60934 53090 98409 68941 27539 59814 66895 93038 27402 87544 30135
3130 18
88641 56914 23567 26726 74193 74557 21113 79652 92289 51923 61595 31519 1414 82904 71423 16468 33482 59713
4847 14
43682 86820 85766 16173 11089 15764 39814 43770 18218 28196 2851 78893 49101 81475
1488 13
24347 5672 94462 22695 39288 94939 1762 80258 33891 32887 97224 14619 37975
3818 19
40684 36133 82884 77664 79850 85029 68854 88240 84791 21513 24980 63719 30574 75954 98521 37897 825 96670 55017
4011 16
56544 17556 27377 93247 91863 62780 27333 91367 45199 64750 19886 71497 25444 95834 84344 37512
9934 14
62769 40644 26078 85896 76048 33290 31611 48939 61475 13865 42785 12599 50954 74498
8177 19
86465 62193 37076 27778 18057 61129 12332 45970 34772 72882 12082 15824 87722 47292 19949 68303 41349 30779 42461
3246 18
85337 56250 92785 65762 60922 65952 17430 89760 16692 78963 47320 87941 41312 57524 76156 64095 17174 29981
1830 16
36419 38070 23345 20012 67032 5094 11193 19379 99555 87850 49157 84167 35453 11233 36071 26905
1617 15
77589 93865 59984 29324 3912 28758 2333 90550 29606 91605 26184 19774 91056 47934 70432
8109 13
66840 10811 75268 5407 34450 42969 31540 23360 52328 42782 59017 36052 52339
9821 20
53120 63208 39547 63571 59651 91297 32324 21714 93674 39084 58818 47720 56717 81806 78544 13743 77756 98068 95071 50004
2375 18
29920 68368 37447 20658 59676 34782 15912 50227 93719 7137 72883 10711 66067 7000 11564 23324 81737 72134
3761 20
11607 51684 32960 63048 9296 97569 41286 36152 58738 39340 55676 68579 6914 69288 68646 55714 88316 89142 95687 18111
4286 19
68496 20151 73082 66223 8873 36066 24471 98587 97766 59139 68748 39682 25702 74607 37881 30247 19737 36134 94078
4231 18
22830 93013 28 33514 81509 90565 37715 26108 83453 7049 6070 21764 96225 17548 68464 48429 52359 24035
9800 20
29458 21735 37308 50977 62670 39110 72219 83343 72334 97820 62235 42314 23887 27170 4382 16573 84088 65584 29173 87909
379 18
60701 50125 58268 83468 49135 86948 97853 93399 40299 32075 6458 48493 89172 39454 72588 64684 47267 97232
9028 15
33839 1506 85016 37017 90292 70946 18377 69008 75877 27682 83450 51723 71195 9170 151
1244 18
69323 4661 58545 65878 2194 9198 75652 73099 71727 60745 60374 15399 98458 71236 8718 40847 30477 88658
8958 15
35279 63505 37144 60861 406 59386 19992 60567 55120 12006 9150 56082 37090 68824 55618
1424 19
35687 62620 5751 75603 74316 70030 18512 88092 60367 503 37377 82775 78366 75658 88949 88912 43196 32595 76808
6355 16
97645 41965 33872 70258 20133 84084 65387 94618 50907 17030 62766 56480 31177 44783 10185 91485
7219 17
30095 80035 10232 61498 83244 65577 8046 79025 99905 6933 52610 56374 81402 95844 76261 46688 10771
974 20
81788 50584 36841 18860 95871 2107 8501 18023 29246 52218 90806 59834 5647 34577 44538 75170 50200 59541 81697 52876
1342 12
57895 74766 19315 46270 67961 86196 6330 14075 88043 56297 34616 63941
1390 18
34984 16486 93172 42695 27045 91844 35068 10923 52498 64952 44031 77440 77629 21207 73468 54901 36942 16117
4188 20
55107 24790 78967 4685 65716 74653 48855 61295 3949 9443 98086 9776 42996 94512 95029 53254 61376 78816 40737 49469
2973 18
34945 69762 98433 33853 14497 14362 37616 34494 48717 25017 78862 12163 33642 99807 18578 27393 61101 75883
9506 18
61131 32320 91177 53947 73605 13325 54080 28035 82657 2253 55571 95401 73120 64272 48747 33125 52150 24168
9760 19
54485 74169 31786 22413 10930 70395 18717 17563 37745 13954 88970 24160 79470 74916 36057 55041 88640 14682 91632
9002 20
62316 12124 91892 37414 52024 13716 74681 58943 86336 39863 99659 57226 2591 14234 49905 77985 31122 42901 16782 34020
7096 13
14081 74848 51471 3912 7263 56709 98137 59961 70558 21657 37822 74167 11788
2021 19
1843 27794 71286 50373 37252 78156 81421 71534 35269 23418 32198 37960 74288 59167 51017 34561 78468 12950 64069
3981 14
34633 47001 29189 15513 11556 21890 16378 53195 24824 8408 29157 4900 51948 28564
9574 19
93797 32523 58606 78540 47383 62810 5934 2343 10510 30215 23994 15704 46276 99574 65428 97499 58472 59397 28041
2384 19
83871 89392 92352 74373 32593 28226 75040 15032 84077 65527 72828 44035 34763 40514 6258 40138 66377 47168 52570
4072 14
49199 82737 24964 82192 45975 79313 66899 20136 40813 72640 79547 20232 68899 27998
440 20
97381 92904 75875 22116 72845 65068 51407 17196 14865 96386 81887 22669 22051 52863 29751 90229 52208 64025 88277 98786
9143 18
49178 60772 25932 45158 48011 85265 88929 13122 91287 57260 52799 66006 96999 88337 40948 67560 69322 42356
9805 20
54566 205 53462 25462 3203 77204 55021 34639 60084 63350 85938 64975 69928 20438 82251 30928 61658 57977 23730 30299
8736 20
21646 8865 94262 80692 49650 69455 33504 66827 33706 350 38512 16084 85576 11859 90079 60008 5591 51427 24446 25964
5294 20
87435 95852 78911 93228 78899 16698 77661 80627 98765 42723 24523 35912 28350 22848 93883 99504 14456 48438 22139 48322
521 16
57801 7326 82837 88648 85149 53166 61408 4233 76673 2254 80393 35549 98259 2059 84559 11261
811 19
94207 7006 87847 13093 66814 43056 25691 33777 60123 32257 58470 87977 36628 18871 84120 50881 19254 11148 68738
8101 18
85863 77330 7489 18975 19326 44892 25853 27883 9825 11981 4386 69595 87425 46390 8586 96290 69837 87912
9051 17
59432 78181 34089 28675 36707 13561 1436 94431 78732 81217 62255 90296 5714 29362 20347 13356 49720
5233 17
26521 16523 64931 55260 55282 97031 47707 1232 25607 93476 68560 84401 59516 88677 78256 33531 44879
8408 19
9756 16222 31076 23569 13455 63077 35896 27938 40222 47632 3312 82975 23584 5279 4098 69966 37821 22006 46750
2560 19
47035 50332 87694 47585 42077 98687 34286 9355 3919 90653 30532 46678 23625 36243 53012 57157 54891 12033 61536
3394 13
39436 15939 54203 95135 81118 98924 10310 10938 58482 2863 41598 64967 93786
2904 10
19713 55723 27446 60058 54135 43181 31835 94923 42921 91335
3205 20
30243 89005 34194 809 54008 48744 20758 78036 40700 96931 71591 56958 69207 76807 69228 42953 82634 72304 84068 67438
2887 19
52250 93017 80591 79304 49005 85103 45836 69447 81469 85251 22640 59569 83250 38765 9226 99720 51033 49829 36666
6258 20
49500 39742 18166 64880 80381 89297 99517 1626 78186 6905 91261 56382 52036 4743 40405 61990 79538 86338 18399 2681
4563 15
4685 90525 60440 77153 89260 9803 34839 77888 72835 57610 13028 33076 98262 23443 50753
1550 17
68279 46278 27391 39689 95024 9830 53781 32205 76247 33528 55633 96794 40400 94711 18735 3571 38858
5957 19
12683 93648 73285 16118 9519 14059 69655 16538 92937 4178 30236 45400 7362 38263 56863 41798 15857 11601 69754
2161 13
85231 60933 8541 77726 35535 42313 79403 33316 54735 11177 27813 90603 29731
1427 11
16915 98986 40047 8827 56741 82504 7576 36020 86916 75006 87619
5159 17
48536 189 66428 72289 33771 91427 28051 53252 40507 44456 96577 18426 68138 35207 60365 21122 14772
7217 16
28172 73827 39816 63234 52813 26071 60144 6572 96348 43719 10306 81395 90888 30053 29793 50363
8493 19
17796 46929 67179 23222 52495 64870 51494 33816 98137 28829 38151 11529 46814 39706 58613 82670 49013 19203 95865
5438 14
94553 87397 98 68452 13272 12924 41381 44812 6373 76256 89930 49632 60056 527
840 17
7307 56240 32726 4366 40919 93694 31436 80058 27925 49731 15538 13123 80803 12625 24554 11608 36179
147 19
85475 37898 25669 55169 77014 37483 53926 37740 14550 52718 63425 73296 19749 94927 22178 10586 68662 35845 88118
1014 17
62913 33578 74625 67950 21950 76791 30283 55274 41197 19587 77146 7927 27325 74634 65429 46274 37599
7815 19
29279 83165 82861 56576 21168 9755 79735 5927 47844 48124 13176 90719 6691 43089 65395 99502 35113 90067 69558
3470 15
20558 98740 83206 73037 46955 33836 78132 77800 56067 88324 41087 72116 20222 44068 23632
6763 17
75245 31959 41581 36512 91995 77733 47378 91707 50751 40343 34547 84762 79299 33409 65348 39160 50338
7834 19
58700 63472 42104 34715 35584 43920 54148 15667 5965 51735 7810 60732 28688 19199 49481 66811 17644 46790 8043
2644 20
45568 25465 76246 86827 8260 25096 53516 35291 84739 45494 57696 45285 35476 86734 21544 4356 6193 27945 43777 91944
7223 20
15989 52320 34182 8314 70059 19198 89055 70266 60703 18879 83700 10849 59305 67807 27721 95218 23151 20730 27130 99790
1394 19
2359 1096 11683 81438 88850 66090 54932 77041 94512 15018 15424 7515 31292 5295 39712 62801 15102 24054 63950
9029 19
8174 21238 93249 14741 86492 90513 67385 73968 87109 15784 54927 15282 67865 15325 9474 63312 16128 76134 26710
3967 15
45867 98150 5029 3934 81836 65345 82439 78523 89256 37267 58643 16002 78743 37839 9551
6910 20
1819 1461 29866 84035 24360 92039 34096 77514 68231 29904 15916 59656 83844 15432 42546 74100 30148 79901 72794 10629
2312 16
13823 98469 91794 81542 59775 68329 28085 36522 85350 71048 13730 49408 57537 96364 94581 52696
8482 20
70288 96977 78597 73754 63112 35307 57165 81431 79819 10884 67501 37324 61594 84574 47033 48488 80066 56376 15793 16809
4709 15
47659 2950 48454 95146 2618 5092 99015 23260 21958 22896 56521 83375 32335 17018 99818
4506 14
46480 38358 68459 32001 63107 98349 69560 48250 39993 93152 7121 5368 88297 9268
3026 20
33065 5173 77824 54088 6166 91727 28839 96927 2743 26360 9895 22250 55319 34292 59567 59129 77345 95553 95428 46120
8531 20
36364 65222 18210 51681 98543 47191 81979 29678 64312 76901 52444 87376 36051 95539 179 1931 63130 30210 45256 31881
4374 19
77843 86257 46345 83665 14610 8107 35776 7662 2140 23023 84396 82383 36125 32556 91289 21304 65200 5748 76539
445 17
27036 14411 24640 90346 86612 92413 64459 24482 59344 35349 36172 32384 2014 69678 55148 18854 47090
8717 19
62598 75814 92231 85591 561 5540 15790 37199 92915 5045 15628 16116 32028 79015 51551 12431 21379 41006 58355
4397 18
58227 62566 70596 57816 78149 766 26663 18659 1045 63839 88370 10042 47282 61075 41856 22832 5263 27853
6218 16
28704 99660 71790 9772 18018 21458 11167 26004 97296 70536 66609 93996 36207 78879 52549 90010
2354 18
83836 34592 13855 85588 98489 40503 36553 88758 95568 44082 64925 17389 84102 94728 10055 18980 43350 48364
3892 18
20053 99035 36386 94948 62900 98800 67317 71082 22403 53692 80893 32622 12462 87941 42265 92764 86775 730
1640 18
80930 18860 91380 10173 17916 45754 7256 57479 21242 61934 82408 230 5558 45617 97768 46517 33249 28535
8301 20
42833 77553 60520 77403 8668 33035 59243 80421 56580 68204 25209 94550 23887 73315 93091 86813 91618 79257 44378 79564
1516 20
74133 89052 28928 25096 6026 65931 21851 68551 75545 54631 96431 35392 99725 25771 88346 93938 7187 26779 86602 38377
5057 18
98302 35107 51615 26128 52320 92737 91836 37004 20724 27485 37723 10394 30101 56288 69573 56493 54671 27927
6916 12
11809 72127 99970 50484 73880 52775 69602 41285 30454 70456 28824 1234
2366 15
77114 65455 49331 1973 51078 60684 39807 1659 49368 15075 93864 78503 31925 6938 90125
6940 18
13098 69993 27468 24199 57710 73925 85883 39870 79244 42102 9446 6553 26739 58983 59466 89434 39164 60078
8056 13
31110 63827 35890 3561 75487 45770 24457 19817 87430 34361 17128 96476 28167
3320 19
29761 29547 74031 34399 89313 48480 43708 2011 70630 90812 11026 91490 30588 20553 7118 91773 41739 1967 22832
8397 20
31210 9817 5590 49023 94061 69177 59089 51866 1354 44684 1579 61890 11572 97489 72996 60563 93644 31618 65404 11403
7920 20
77123 7006 88474 39962 74158 73462 82750 9604 32889 99381 808 5772 13218 16447 22341 77008 12732 89857 42019 75802
1826 18
83330 21922 66497 18765 64048 26070 38060 79766 20399 17481 62632 83776 21512 5968 83483 9471 55687 90765
6423 19
16915 6832 18339 40246 95350 95909 60935 7116 51462 64766 77451 59936 10228 83681 23991 28524 9657 92164 29438
1803 20
55820 11354 66257 6187 40407 20220 4746 88812 30171 99296 99959 65450 15430 29714 49557 60834 74092 90642 4666 39287
5931 15
49252 96836 71799 99511 9728 40080 44063 27522 96216 25042 49678 65322 45909 33896 17093
4387 20
58918 94306 31932 40894 87709 35950 67898 56953 13442 5374 25562 72096 9395 71236 65472 72884 58327 99666 78543 40262
6084 19
49700 80020 41715 91466 40142 69840 81346 83085 81884 21830 70603 37595 29120 5947 24662 75328 34816 26978 82735
6702 19
32460 89309 25794 18442 19296 36390 25065 65657 46273 45821 22817 75983 76843 41999 8808 81785 93166 63639 50753
7044 20
68706 5434 32077 19378 7181 1137 3822 35737 95244 31924 97215 80696 74382 64793 90484 31676 2768 40101 47887 28427
7493 17
83598 26660 79072 99864 87541 90060 85267 52915 63839 85796 93534 48977 50461 2100 78279 90439 7072
486 20
97830 4790 62384 35600 70433 92872 57487 16438 74082 1886 17824 92546 21153 32434 30785 80033 28477 78122 77753 31791
3250 19
84792 24436 18470 53961 37840 2956 87903 74616 41381 15285 82689 3942 86017 13094 83947 85404 64919 30398 58421
5673 19
81990 5547 22496 91309 89370 7076 88499 31897 30761 14906 13124 82515 61293 22702 15124 67506 40491 13898 68993
3580 18
54485 15914 26308 68291 74033 43312 88651 94672 33000 7837 12403 58325 29107 47553 93285 84211 24670 22381
8818 14
62386 42040 94583 98773 70211 39943 2506 95488 294 27965 86782 18827 36626 40659
6153 18
3584 66969 42225 66858 74845 99823 66107 84343 75433 26120 69519 51064 16235 72700 21525 60960 29233 9862
7454 20
33783 47915 64954 70501 69299 86612 96529 60581 40925 36989 4424 65962 17645 2689 31054 68045 78091 2732 62802 96982
6054 10
4824 58795 69265 4114 19734 63110 15284 56202 52082 61539
3883 15
81808 44369 73083 97903 33589 48709 52270 51928 42944 24416 73176 45299 99574 60726 22713
2138 13
5474 20154 37049 4045 49068 59919 70282 59528 76670 1663 43595 15015 25805
5113 18
40419 63919 27943 83827 9777 26368 96410 87593 26672 92685 69790 70484 14354 81601 21533 4515 10913 69974
2596 18
7317 89768 13673 27348 39432 81132 77235 62448 55132 61967 85984 92388 99555 99463 76435 34838 8770 27542
2052 20
13676 51552 9028 23868 35474 24808 47943 81526 17373 9021 19915 67938 79375 67046 51723 41650 90795 23671 4242 3675
9530 19
78919 59229 30646 46332 27657 65930 70247 94433 71577 72234 84206 5518 83438 3263 71665 3782 91234 8645 18334
456 17
55689 71859 18385 65439 18127 7165 66596 41921 62416 94108 60387 37620 87689 53796 44679 9380 59989
5291 16
84149 34906 61936 57167 59522 76501 84620 70384 38170 80916 28149 56315 90668 14817 86902 65915
9070 20
1833 95623 26864 50741 79699 34749 28391 18933 48849 34078 41616 95459 18941 78692 78830 22344 46400 78622 12507 12301
9007 20
81262 60182 80618 14445 4163 59658 12347 43561 14134 20795 44806 20561 29593 80807 92554 35901 95500 83338 84699 5882
2495 20
66336 26985 47549 27764 14896 65060 1722 45994 76494 22049 4707 68844 98988 36009 48434 86643 75157 92082 65423 86359
245 18
12185 19063 26545 49980 74282 42277 67961 9366 35988 85377 13505 21775 43905 33358 95513 21579 93787 82311
1262 19
59548 37217 91379 52936 12010 99440 21917 89874 28974 81930 93039 89597 60418 97293 91993 63823 15082 4865 76659
3240 19
3239 58788 31252 88967 24970 70624 41151 63771 40965 48404 66073 12530 2140 28472 60493 75140 95905 59117 31503
2147 16
14417 21848 23635 69647 58874 70931 87523 88703 76154 69524 79979 39926 94883 66472 46721 70177
8705 18
90488 10597 95673 30052 32535 92879 96302 10174 76391 6164 24516 36907 60599 82756 90814 96945 38588 78570
3267 18
31347 19951 74437 21116 32154 39327 74502 6432 54747 30344 61801 37906 73566 32751 16456 31974 91120 34595
363 19
31948 37433 80368 16716 11267 97712 78075 97688 96606 42838 90068 53736 90484 82794 53122 65294 33729 40487 66598
1764 19
47404 44025 65649 11406 54107 77315 20779 64281 14379 13065 56196 21325 56985 56758 12587 48550 14640 65781 12597
2760 13
78645 36859 27297 57304 64077 93269 30126 89490 78331 64610 16929 26113 85851
891 19
5752 87948 33768 39858 68095 74930 64491 67375 77788 69921 44791 76477 88916 2533 10855 6322 25101 61413 79752
4618 17
5242 12430 78103 62124 78319 44069 49356 18713 73190 39285 56330 63734 86718 97876 74901 99623 95468
9806 20
3034 7833 27565 5897 66069 66792 23799 91531 48636 63040 51194 25166 32539 75753 17347 90405 26491 45685 5999 49240
4532 20
35619 41083 93917 64100 91673 5467 30403 46561 69266 27178 71134 72658 97706 2569 42493 9004 15673 95218 92946 92526
7338 20
53832 84415 56161 84645 35371 4659 37339 41679 32836 22529 44353 12927 60799 67426 26694 44533 95318 42876 33146 20506
4073 17
2359 68855 46024 27061 80978 27832 28100 15207 74354 54761 55069 15461 10082 63376 53563 26997 42866
19 20
57153 2596 41297 82303 77516 53043 53181 59697 34109 33832 31923 15417 289 10987 62074 45938 84845 50289 84320 54031
2701 19
58852 20053 46258 84931 96024 99187 12255 71792 11694 86873 14226 99502 26007 94087 30546 18748 53122 86529 54900
2722 15
22626 30535 63545 91360 58239 98911 89796 75712 85352 91586 72772 2495 75932 68648 63596
3940 17
86701 97083 95469 46368 21728 93821 58153 81194 49524 31355 99161 82599 37621 30845 15831 13590 94706
2054 20
92636 91659 1710 6185 27668 44097 85047 64013 64706 45711 15150 57039 78222 80293 78287 59767 94677 2201 93387 38213
6209 18
98836 4248 82572 56753 83615 42256 74403 55237 94080 65669 31357 73196 23915 4664 50002 60849 4689 53650
7901 19
10970 29395 83517 26579 58602 29644 57830 51089 57998 2992 46423 83308 99186 18318 80845 88339 16893 72008 88594
3211 19
23753 51082 33432 45273 57344 60062 80958 42423 2888 74216 75480 61302 17693 71341 890 21718 8863 93215 87303
1789 12
69302 77689 77289 39740 20399 97752 84132 88868 30775 79708 20616 13792
3629 20
21168 5750 51851 72472 64501 66715 5300 6044 12758 93128 99147 70113 88364 68531 4753 16242 789 26714 44889 24513
8792 12
20600 70303 38764 70023 54232 9735 54239 6357 22102 89532 19539 64469
2510 13
36151 20151 88952 51299 410 90510 94567 68356 58544 39652 58393 19813 70989
4486 19
18005 32414 2710 98899 58740 32430 92910 85850 84361 15357 62927 79014 89647 88634 7655 32746 64356 66033 3231
7193 18
57697 88975 59092 69087 45085 92266 69289 71752 85721 21857 59466 87526 81187 84847 82055 28134 39397 53826
5138 16
60787 52796 57020 8507 8238 79360 56052 2221 10533 39655 91315 58099 50843 20745 48386 96137
2504 16
449 22770 34013 53082 33155 70525 86931 83227 56410 7223 95592 370 67989 48916 58878 24035
7442 13
43972 88066 83475 51910 88608 2411 75666 7033 95694 18588 31144 60742 84007
5423 20
28551 27803 31739 46430 95207 35455 68353 45970 1409 9815 55156 1773 50200 16272 94963 49455 70050 8351 21946 59012
5227 13
47732 7672 83714 81167 46717 56598 62742 40790 20469 93187 33407 74622 25082
7305 11
23444 89141 17735 27769 569 31000 71052 41276 95997 16103 80227
1556 19
27036 31645 94060 19297 39198 6231 10303 26954 91670 70486 16757 67871 40897 99500 30508 53033 82565 18307 74855
4297 19
41818 40293 7838 40342 71757 77693 28652 25838 75660 8519 10514 85081 19612 81533 55765 596 50128 35826 5924
1004 12
87426 7509 2399 71234 62479 24346 19231 71759 40950 77426 99535 70011
6669 20
59832 96915 92111 3242 85781 83505 23109 99363 42918 67049 70627 38592 85615 76938 13095 35314 77258 1918 1889 1901
4830 18
90407 2082 65869 44469 43359 19407 52179 90737 12587 50014 47652 57205 38252 297 16188 9797 60012 31810
4463 18
28195 7858 47964 39388 25685 87340 25398 53413 49953 83013 45282 829 32644 79233 90453 93378 33779 47407
6980 19
53205 55463 46236 96257 95986 5817 40284 5705 37419 23837 57681 25220 52865 92148 18909 10247 86902 345 57447
9980 19
95073 65284 18809 67749 65687 93626 7725 26187 62181 54620 13131 29629 75845 76719 64647 27823 71117 678 90109
5239 20
96215 93034 98401 60165 84253 40472 78457 72887 31060 60645 77807 77922 77815 48604 85295 32705 84030 20909 84346 99630
8385 19
41505 75733 8231 42303 48764 98942 44086 17066 47878 42967 62862 12131 88746 10972 99595 22621 69228 50374 74830
4401 17
13369 8449 55061 92631 10694 90009 53624 96546 176 12535 89240 91057 27963 40054 66987 55517 2498
2373 20
92511 95985 99184 91996 57460 60194 5275 42763 81065 90410 29834 80114 79075 60599 80700 56102 90475 33766 12505 2562
1525 20
27961 60421 53366 68314 24060 42323 16791 93090 56296 88997 91112 59789 73558 22667 9352 62072 84745 94367 95293 9687
4431 20
55114 28784 60032 7277 63847 41381 17664 91132 86464 5799 74076 27275 18859 41337 55444 45797 79125 57498 38796 14772
3899 18
77763 94267 65256 57756 51086 501 14286 3164 37706 34694 31861 61790 39555 53892 62006 96065 87204 26833
7225 18
78072 73600 47987 45480 63833 46955 14124 75726 63591 38174 3716 39801 71984 47729 71888 19301 56892 8943
517 20
41481 46862 4500 90605 89982 74245 54503 30055 79584 60630 47947 81806 21012 45419 73642 54076 57333 3476 49599 74050
909 20
89774 1692 42366 87173 17502 33171 23621 27663 24854 75877 65927 51278 94417 31093 87262 3975 8163 92502 53707 68062
4513 20
38479 63081 11304 49050 5672 47890 28662 88072 71928 77628 85018 52031 60769 4090 22984 40848 38189 48415 38979 60048
6717 20
81339 36096 18367 33661 74352 14982 2492 95454 41992 83653 32544 68371 87993 18904 26392 40088 25539 52310 28162 62589
1705 18
69544 50406 45330 54074 27480 55585 26647 22932 60703 28747 29573 10868 85721 41700 76267 5702 26430 20589
7541 18
5324 19940 11479 13215 20145 52966 36106 83579 90316 38348 67202 86275 83095 39512 93685 89555 9812 36777
3547 20
28626 49233 49047 67381 98490 97811 66303 11006 19858 71151 68263 18037 43770 46446 43386 79320 8106 76963 34331 68797
4037 15
14868 98773 10238 57868 36940 47427 81436 84441 54646 25943 37484 15345 90516 79528 56820
4149 18
70515 83190 32801 27816 94538 18220 21724 7599 91343 52101 38224 87792 1008 66456 76588 57497 69457 85027
7330 19
64336 99326 62727 36096 62179 2640 28662 43214 1405 1190 50827 67048 73596 7272 46124 98435 93978 49032 82553
5123 18
68230 22311 31182 94583 73875 87725 4620 19589 44 33095 44326 87570 18712 47057 32289 35623 26371 60536
9667 15
13401 59887 70655 54762 90180 36504 43833 16180 40011 66302 56222 94791 20501 66630 50609
3978 19
83202 79777 64383 38070 30858 97688 81877 16539 95845 63814 23535 92462 8031 64152 16469 14252 22060 37725 34379
3254 18
16018 67333 7625 31863 73943 31947 37406 9197 91770 36659 42335 31018 34267 73371 39232 2431 57953 83955
4959 19
66854 38669 8115 81043 90498 18060 63591 34997 69932 902 3267 84925 20512 33020 3639 49735 43890 4300 29723
2005 19
95397 94316 79354 70907 19293 94802 85118 26904 77068 36257 31161 17246 65171 97916 78552 21358 57394 84815 83642
1340 18
48422 30989 2184 79385 26338 29399 66307 7179 83278 2239 7227 11220 46563 56105 9369 42587 18235 70815
7312 19
50617 49967 62565 44421 24747 12490 47154 61924 94242 12197 88202 28791 58254 39265 61897 33892 27440 23031 18369
2253 20
47500 16297 89202 55119 89178 41436 96855 25107 15369 71521 225 16480 77523 73192 43078 40755 97419 15113 37203 92577
1542 20
48422 32276 43483 37154 57961 88883 41059 53326 91068 41041 50781 35572 23501 47800 2698 74937 46442 86246 20852 25437
5580 19
59124 56641 48851 40436 87843 70417 51678 17189 80063 46759 17645 94222 41033 44945 56542 11071 34412 91608 74674
1002 17
64128 51557 43863 53213 49726 80553 79194 45978 38278 38792 19564 61038 9968 27661 28160 29363 75761
16 18
45060 59477 46573 65538 46212 31044 12081 14484 40720 66289 69365 78933 45051 80933 21273 86246 79317 19163
4803 15
38697 93237 88996 73946 10540 25838 42472 64724 82890 31486 10665 4008 88501 81947 54173
9561 16
84354 18515 75539 73363 30124 82360 68025 1847 46612 54970 68202 12997 79246 23252 88051 84165
5883 18
36814 68537 30065 87478 39790 85585 31854 46693 52764 4846 84184 64138 83191 7641 16870 43798 97060 5749
2023 20
44072 19183 89505 14117 10811 4709 71120 68558 68773 25754 65288 65821 32472 29948 80121 3966 64230 17888 96004 16809
9080 15
62283 62624 88381 36678 10837 22636 82772 71727 61045 50566 65491 25423 34134 95328 27874
8033 18
2919 8024 90525 38348 44501 88568 29245 46948 55854 41502 99271 73056 64948 85106 26887 68909 86261 87991
7801 14
92511 74929 34242 64579 8998 53143 52343 42360 9805 66911 64401 67131 5417 46320
5583 18
63516 53929 79473 4516 68806 34270 59162 90531 82006 8187 56583 7432 44755 45946 31047 26392 34931 21855
6656 18
89539 44223 91324 85014 31792 26819 71534 10195 63240 77941 57352 13355 68962 18667 93514 91373 46400 95713
6327 19
75885 69984 28670 17312 13024 29164 30559 4165 73051 54813 85312 81507 30031 18304 49531 20231 97058 44738 17976
1596 15
79620 43430 75356 60540 25014 30880 29111 76098 99733 15116 66979 11141 5745 19531 2125
2305 20
71856 41775 13779 51651 34646 97576 68432 68312 74346 42829 8465 15683 75993 38883 29152 67030 89882 75577 29008 65640
8973 20
76599 52515 8089 94822 80592 18526 32010 72550 35726 20203 75414 54002 42555 6258 65888 82094 3804 16911 43139 103
1731 19
95703 43551 45653 49365 58646 62603 9773 68097 88863 6756 26239 40693 26296 4499 84056 44982 76857 2408 19645
7739 16
69544 11215 42148 58625 67403 93056 43944 96318 18705 19893 35185 34932 20740 17861 91052 14132
3520 18
17340 84153 15055 62718 25285 15549 93530 6933 54409 58047 64111 77097 8184 15673 42699 98266 51922 82462
8896 20
57153 96932 9647 31074 20100 69415 38522 97426 32486 95375 82346 80737 45229 76707 64989 48716 31674 83277 96574 9218
6285 15
10892 26159 96251 10521 50044 41241 94245 93151 14578 86520 62169 24073 32485 86974 83809
8516 20
37749 7934 52966 40117 71570 97292 52095 98294 74223 12477 8108 39338 44249 98274 91035 75237 47954 69865 46251 78660
6484 19
73073 64720 22878 37335 6410 39787 66040 91647 53319 70009 3922 50057 26862 5028 86189 87186 30527 2347 65804
8178 10
9401 81080 40436 45833 4923 53621 40020 50605 50677 96730
3545 20
70207 52409 76042 62319 96911 94688 35466 90854 11624 51188 14653 67367 6648 13834 78285 21320 40498 5685 24607 25525
9013 20
64716 79910 88859 28809 63012 56101 23750 45327 41657 52400 75957 97195 33431 73728 64041 46927 56551 49605 47364 92583
1485 20
50290 45290 63188 17274 91393 47028 68201 68523 1268 74662 18868 76026 20796 22952 56084 4679 33775 9283 87854 55995
5621 19
52140 32620 19098 7845 60026 4633 27127 14822 12746 91081 59919 45934 80098 78307 56717 34928 3209 28194 94534
4350 20
21419 22032 92255 69962 47931 37207 11799 4891 47900 24984 42829 63922 10101 4595 461 63488 11263 65685 74566 19095
2804 20
94527 87397 33230 47970 75044 15559 70212 90984 59683 31996 99331 58257 93924 3882 95493 98398 21198 33613 60222 99392
959 17
75141 11034 29825 78555 21381 48481 29854 74325 56496 68767 64001 81585 83445 78376 66893 14456 25028
510 19
36085 14700 58361 68384 94691 12979 16880 52722 64848 39147 61597 32718 26530 78369 93514 59844 17887 35139 24451
6367 19
8507 89772 95063 18716 68008 74113 41361 7512 51554 12701 4513 55679 51998 59315 55688 46085 4138 85339 53725
8388 16
7524 92996 60592 57484 65980 93028 47698 73436 5630 93683 25618 55489 40309 693 70556 97776
2214 18
71149 6515 5449 64376 37980 9236 69006 25274 21223 59437 45646 36172 59288 88742 94368 69665 75024 51556
7484 20
30428 6999 499 97413 33899 74915 24604 1233 33011 62288 51693 35042 94567 31262 83090 68859 13048 89053 80159 27513
5818 19
55359 1281 66216 84011 40475 91785 98400 34960 59170 32589 35342 70993 6644 20394 14283 10087 51908 72617 63941
7040 20
61395 10448 63916 26840 81695 18632 20104 6429 68762 52031 40241 9114 51633 12011 19113 15896 95228 40704 36601 80914
2657 19
12476 24266 47663 66936 60851 70935 67057 20372 29608 68893 46433 83921 86839 36709 69036 14268 32792 86153 42175
9469 18
31650 99494 62718 43010 35641 11627 33135 78113 31485 30660 4172 39753 90241 47485 8036 81909 24870 38285
9793 0

